force,displacement,judge,name
0,0,0,Bonbonera POM Pink
0,0,0,Bonbonera POM Pink
0,0,0,Bonbonera POM Pink
0,0,0,Bonbonera POM Pink
0,0,0,Bonbonera POM Pink
0,0,0,Bonbonera POM Pink
0,0,0,Bonbonera POM Pink
0,0,0,Bonbonera POM Pink
0,0,0,Bonbonera POM Pink
0,0,0,Bonbonera POM Pink
0,0,0,Bonbonera POM Pink
0,0,0,Bonbonera POM Pink
0,0,0,Bonbonera POM Pink
0,0,0,Bonbonera POM Pink
0,0,0,Bonbonera POM Pink
0,0,0,Bonbonera POM Pink
0,0,0,Bonbonera POM Pink
0,0.005,0,Bonbonera POM Pink
0,0.005,0,Bonbonera POM Pink
0,0.005,0,Bonbonera POM Pink
0,0.005,0,Bonbonera POM Pink
0,0.01,0,Bonbonera POM Pink
0,0.01,0,Bonbonera POM Pink
0,0.01,0,Bonbonera POM Pink
0,0.01,0,Bonbonera POM Pink
0,0.01,0,Bonbonera POM Pink
0,0.015,0,Bonbonera POM Pink
0,0.015,0,Bonbonera POM Pink
0,0.015,0,Bonbonera POM Pink
0,0.02,0,Bonbonera POM Pink
0,0.02,0,Bonbonera POM Pink
0,0.025,0,Bonbonera POM Pink
0,0.025,0,Bonbonera POM Pink
0,0.025,0,Bonbonera POM Pink
0,0.03,0,Bonbonera POM Pink
0,0.035,0,Bonbonera POM Pink
0,0.035,0,Bonbonera POM Pink
1.1,0.04,0,Bonbonera POM Pink
3.5,0.045,0,Bonbonera POM Pink
6.7,0.05,0,Bonbonera POM Pink
9.9,0.055,0,Bonbonera POM Pink
12.9,0.055,0,Bonbonera POM Pink
15.5,0.06,0,Bonbonera POM Pink
18,0.065,0,Bonbonera POM Pink
20.5,0.07,0,Bonbonera POM Pink
23,0.07,0,Bonbonera POM Pink
25.9,0.075,0,Bonbonera POM Pink
29,0.08,0,Bonbonera POM Pink
32.3,0.085,0,Bonbonera POM Pink
35,0.085,0,Bonbonera POM Pink
37.5,0.09,0,Bonbonera POM Pink
40,0.09,0,Bonbonera POM Pink
42,0.095,0,Bonbonera POM Pink
41.4,0.1,0,Bonbonera POM Pink
41.9,0.1,0,Bonbonera POM Pink
42.2,0.105,0,Bonbonera POM Pink
42.1,0.11,0,Bonbonera POM Pink
42.4,0.11,0,Bonbonera POM Pink
42.7,0.115,0,Bonbonera POM Pink
42.8,0.115,0,Bonbonera POM Pink
43,0.12,0,Bonbonera POM Pink
43.1,0.125,0,Bonbonera POM Pink
43.2,0.125,0,Bonbonera POM Pink
43.3,0.13,0,Bonbonera POM Pink
43.4,0.135,0,Bonbonera POM Pink
43.4,0.135,0,Bonbonera POM Pink
43.4,0.14,0,Bonbonera POM Pink
43.5,0.14,0,Bonbonera POM Pink
43.5,0.145,0,Bonbonera POM Pink
43.4,0.15,0,Bonbonera POM Pink
43.5,0.155,0,Bonbonera POM Pink
43.5,0.155,0,Bonbonera POM Pink
43.6,0.16,0,Bonbonera POM Pink
43.7,0.165,0,Bonbonera POM Pink
43.7,0.165,0,Bonbonera POM Pink
43.7,0.17,0,Bonbonera POM Pink
43.6,0.175,0,Bonbonera POM Pink
43.7,0.175,0,Bonbonera POM Pink
43.7,0.18,0,Bonbonera POM Pink
43.7,0.18,0,Bonbonera POM Pink
43.7,0.185,0,Bonbonera POM Pink
43.7,0.19,0,Bonbonera POM Pink
43.6,0.19,0,Bonbonera POM Pink
43.6,0.195,0,Bonbonera POM Pink
43.5,0.2,0,Bonbonera POM Pink
43.5,0.2,0,Bonbonera POM Pink
43.5,0.205,0,Bonbonera POM Pink
43.6,0.21,0,Bonbonera POM Pink
43.6,0.215,0,Bonbonera POM Pink
43.5,0.215,0,Bonbonera POM Pink
43.5,0.22,0,Bonbonera POM Pink
43.6,0.225,0,Bonbonera POM Pink
43.5,0.225,0,Bonbonera POM Pink
43.5,0.23,0,Bonbonera POM Pink
43.5,0.235,0,Bonbonera POM Pink
43.4,0.235,0,Bonbonera POM Pink
43.4,0.24,0,Bonbonera POM Pink
43.5,0.245,0,Bonbonera POM Pink
43.5,0.25,0,Bonbonera POM Pink
43.4,0.25,0,Bonbonera POM Pink
43.4,0.255,0,Bonbonera POM Pink
43.4,0.26,0,Bonbonera POM Pink
43.5,0.26,0,Bonbonera POM Pink
43.5,0.265,0,Bonbonera POM Pink
43.5,0.27,0,Bonbonera POM Pink
43.6,0.27,0,Bonbonera POM Pink
43.5,0.275,0,Bonbonera POM Pink
43.6,0.275,0,Bonbonera POM Pink
43.6,0.28,0,Bonbonera POM Pink
43.6,0.28,0,Bonbonera POM Pink
43.7,0.285,0,Bonbonera POM Pink
43.6,0.285,0,Bonbonera POM Pink
43.6,0.29,0,Bonbonera POM Pink
43.7,0.29,0,Bonbonera POM Pink
43.7,0.295,0,Bonbonera POM Pink
43.8,0.295,0,Bonbonera POM Pink
43.7,0.3,0,Bonbonera POM Pink
43.7,0.3,0,Bonbonera POM Pink
43.7,0.305,0,Bonbonera POM Pink
43.9,0.31,0,Bonbonera POM Pink
43.8,0.31,0,Bonbonera POM Pink
43.9,0.31,0,Bonbonera POM Pink
43.8,0.315,0,Bonbonera POM Pink
43.7,0.315,0,Bonbonera POM Pink
44,0.32,0,Bonbonera POM Pink
43.9,0.32,0,Bonbonera POM Pink
43.9,0.325,0,Bonbonera POM Pink
43.9,0.325,0,Bonbonera POM Pink
43.9,0.33,0,Bonbonera POM Pink
43.9,0.33,0,Bonbonera POM Pink
43.8,0.335,0,Bonbonera POM Pink
43.8,0.335,0,Bonbonera POM Pink
43.9,0.34,0,Bonbonera POM Pink
44,0.34,0,Bonbonera POM Pink
44,0.345,0,Bonbonera POM Pink
44,0.345,0,Bonbonera POM Pink
43.8,0.35,0,Bonbonera POM Pink
43.8,0.355,0,Bonbonera POM Pink
43.7,0.355,0,Bonbonera POM Pink
43.6,0.36,0,Bonbonera POM Pink
43.7,0.365,0,Bonbonera POM Pink
43.7,0.37,0,Bonbonera POM Pink
43.8,0.375,0,Bonbonera POM Pink
43.7,0.38,0,Bonbonera POM Pink
43.5,0.39,0,Bonbonera POM Pink
43.5,0.395,0,Bonbonera POM Pink
43.6,0.4,0,Bonbonera POM Pink
43.6,0.405,0,Bonbonera POM Pink
43.6,0.415,0,Bonbonera POM Pink
43.6,0.42,0,Bonbonera POM Pink
43.6,0.425,0,Bonbonera POM Pink
43.6,0.43,0,Bonbonera POM Pink
43.5,0.44,0,Bonbonera POM Pink
43.3,0.45,0,Bonbonera POM Pink
43.4,0.455,0,Bonbonera POM Pink
43.6,0.46,0,Bonbonera POM Pink
43.5,0.47,0,Bonbonera POM Pink
43.5,0.48,0,Bonbonera POM Pink
43.5,0.485,0,Bonbonera POM Pink
43.5,0.495,0,Bonbonera POM Pink
43.6,0.5,0,Bonbonera POM Pink
43.5,0.51,0,Bonbonera POM Pink
43.6,0.515,0,Bonbonera POM Pink
43.8,0.52,0,Bonbonera POM Pink
43.9,0.525,0,Bonbonera POM Pink
43.9,0.53,0,Bonbonera POM Pink
44,0.535,0,Bonbonera POM Pink
44,0.54,0,Bonbonera POM Pink
44.1,0.54,0,Bonbonera POM Pink
44.1,0.545,0,Bonbonera POM Pink
44.2,0.55,0,Bonbonera POM Pink
44.2,0.55,0,Bonbonera POM Pink
44,0.555,0,Bonbonera POM Pink
43.9,0.56,0,Bonbonera POM Pink
44.1,0.565,0,Bonbonera POM Pink
44,0.565,0,Bonbonera POM Pink
44.2,0.57,0,Bonbonera POM Pink
44.2,0.575,0,Bonbonera POM Pink
44.1,0.575,0,Bonbonera POM Pink
44.1,0.58,0,Bonbonera POM Pink
44.2,0.585,0,Bonbonera POM Pink
44.1,0.585,0,Bonbonera POM Pink
44.1,0.59,0,Bonbonera POM Pink
44.1,0.595,0,Bonbonera POM Pink
44.1,0.6,0,Bonbonera POM Pink
44.1,0.605,0,Bonbonera POM Pink
44.1,0.61,0,Bonbonera POM Pink
44.1,0.615,0,Bonbonera POM Pink
44.1,0.615,0,Bonbonera POM Pink
44.1,0.62,0,Bonbonera POM Pink
44.1,0.625,0,Bonbonera POM Pink
44.2,0.63,0,Bonbonera POM Pink
44.3,0.63,0,Bonbonera POM Pink
44.4,0.635,0,Bonbonera POM Pink
44.5,0.635,0,Bonbonera POM Pink
44.6,0.64,0,Bonbonera POM Pink
44.6,0.64,0,Bonbonera POM Pink
44.5,0.645,0,Bonbonera POM Pink
44.6,0.645,0,Bonbonera POM Pink
44.7,0.65,0,Bonbonera POM Pink
44.4,0.65,0,Bonbonera POM Pink
44.4,0.655,0,Bonbonera POM Pink
44.5,0.66,0,Bonbonera POM Pink
44.5,0.665,0,Bonbonera POM Pink
44.4,0.665,0,Bonbonera POM Pink
44.4,0.67,0,Bonbonera POM Pink
44.4,0.675,0,Bonbonera POM Pink
44.5,0.675,0,Bonbonera POM Pink
44.6,0.68,0,Bonbonera POM Pink
44.5,0.68,0,Bonbonera POM Pink
44.5,0.685,0,Bonbonera POM Pink
44.4,0.69,0,Bonbonera POM Pink
44.4,0.695,0,Bonbonera POM Pink
44.3,0.695,0,Bonbonera POM Pink
44.3,0.7,0,Bonbonera POM Pink
44.4,0.705,0,Bonbonera POM Pink
44.4,0.71,0,Bonbonera POM Pink
44.4,0.715,0,Bonbonera POM Pink
44.4,0.72,0,Bonbonera POM Pink
44.3,0.725,0,Bonbonera POM Pink
44.4,0.73,0,Bonbonera POM Pink
44.4,0.735,0,Bonbonera POM Pink
44.3,0.74,0,Bonbonera POM Pink
44.3,0.745,0,Bonbonera POM Pink
44.3,0.75,0,Bonbonera POM Pink
44.4,0.755,0,Bonbonera POM Pink
44.5,0.755,0,Bonbonera POM Pink
44.4,0.76,0,Bonbonera POM Pink
44.4,0.765,0,Bonbonera POM Pink
44.5,0.77,0,Bonbonera POM Pink
44.5,0.77,0,Bonbonera POM Pink
44.5,0.775,0,Bonbonera POM Pink
44.4,0.78,0,Bonbonera POM Pink
44.5,0.785,0,Bonbonera POM Pink
44.5,0.79,0,Bonbonera POM Pink
44.5,0.795,0,Bonbonera POM Pink
44.5,0.8,0,Bonbonera POM Pink
44.5,0.805,0,Bonbonera POM Pink
44.4,0.81,0,Bonbonera POM Pink
44.5,0.81,0,Bonbonera POM Pink
44.4,0.815,0,Bonbonera POM Pink
44.3,0.825,0,Bonbonera POM Pink
44.4,0.83,0,Bonbonera POM Pink
44.4,0.835,0,Bonbonera POM Pink
44.5,0.84,0,Bonbonera POM Pink
44.4,0.85,0,Bonbonera POM Pink
44.5,0.855,0,Bonbonera POM Pink
44.5,0.86,0,Bonbonera POM Pink
44.6,0.87,0,Bonbonera POM Pink
44.7,0.875,0,Bonbonera POM Pink
44.7,0.885,0,Bonbonera POM Pink
44.9,0.89,0,Bonbonera POM Pink
45,0.9,0,Bonbonera POM Pink
45,0.905,0,Bonbonera POM Pink
45.1,0.915,0,Bonbonera POM Pink
45.1,0.92,0,Bonbonera POM Pink
45,0.925,0,Bonbonera POM Pink
45.1,0.935,0,Bonbonera POM Pink
45.1,0.94,0,Bonbonera POM Pink
45.2,0.945,0,Bonbonera POM Pink
45.3,0.95,0,Bonbonera POM Pink
45.3,0.955,0,Bonbonera POM Pink
45.4,0.96,0,Bonbonera POM Pink
45.4,0.965,0,Bonbonera POM Pink
45.4,0.97,0,Bonbonera POM Pink
45.5,0.975,0,Bonbonera POM Pink
45.6,0.975,0,Bonbonera POM Pink
45.6,0.98,0,Bonbonera POM Pink
45.6,0.985,0,Bonbonera POM Pink
45.6,0.99,0,Bonbonera POM Pink
45.5,0.995,0,Bonbonera POM Pink
45.5,1,0,Bonbonera POM Pink
45.5,1.005,0,Bonbonera POM Pink
45.5,1.01,0,Bonbonera POM Pink
45.5,1.01,0,Bonbonera POM Pink
45.5,1.015,0,Bonbonera POM Pink
45.5,1.02,0,Bonbonera POM Pink
45.5,1.025,0,Bonbonera POM Pink
45.6,1.03,0,Bonbonera POM Pink
45.7,1.03,0,Bonbonera POM Pink
45.7,1.035,0,Bonbonera POM Pink
45.8,1.035,0,Bonbonera POM Pink
45.9,1.04,0,Bonbonera POM Pink
46,1.04,0,Bonbonera POM Pink
46,1.045,0,Bonbonera POM Pink
46.1,1.045,0,Bonbonera POM Pink
46.1,1.045,0,Bonbonera POM Pink
46.1,1.05,0,Bonbonera POM Pink
46.1,1.05,0,Bonbonera POM Pink
46.1,1.055,0,Bonbonera POM Pink
46.1,1.055,0,Bonbonera POM Pink
46.1,1.055,0,Bonbonera POM Pink
46.2,1.055,0,Bonbonera POM Pink
46.2,1.055,0,Bonbonera POM Pink
46.2,1.06,0,Bonbonera POM Pink
46.2,1.06,0,Bonbonera POM Pink
46.1,1.06,0,Bonbonera POM Pink
46.2,1.065,0,Bonbonera POM Pink
46.1,1.065,0,Bonbonera POM Pink
46.2,1.065,0,Bonbonera POM Pink
46.3,1.065,0,Bonbonera POM Pink
46.3,1.07,0,Bonbonera POM Pink
46.3,1.07,0,Bonbonera POM Pink
46.3,1.07,0,Bonbonera POM Pink
46.2,1.075,0,Bonbonera POM Pink
46.3,1.075,0,Bonbonera POM Pink
46.2,1.08,0,Bonbonera POM Pink
46.2,1.08,0,Bonbonera POM Pink
46.3,1.08,0,Bonbonera POM Pink
46.3,1.085,0,Bonbonera POM Pink
46.3,1.085,0,Bonbonera POM Pink
46.3,1.085,0,Bonbonera POM Pink
46.3,1.09,0,Bonbonera POM Pink
46.3,1.09,0,Bonbonera POM Pink
46.3,1.095,0,Bonbonera POM Pink
46.3,1.095,0,Bonbonera POM Pink
46.3,1.095,0,Bonbonera POM Pink
46.3,1.1,0,Bonbonera POM Pink
46.3,1.1,0,Bonbonera POM Pink
46.3,1.1,0,Bonbonera POM Pink
46.2,1.105,0,Bonbonera POM Pink
46.2,1.105,0,Bonbonera POM Pink
46.1,1.105,0,Bonbonera POM Pink
46.1,1.11,0,Bonbonera POM Pink
46,1.11,0,Bonbonera POM Pink
46.1,1.115,0,Bonbonera POM Pink
46,1.115,0,Bonbonera POM Pink
46,1.12,0,Bonbonera POM Pink
46.2,1.12,0,Bonbonera POM Pink
46.2,1.12,0,Bonbonera POM Pink
46.2,1.125,0,Bonbonera POM Pink
46.3,1.125,0,Bonbonera POM Pink
46.3,1.13,0,Bonbonera POM Pink
46.3,1.13,0,Bonbonera POM Pink
46.3,1.13,0,Bonbonera POM Pink
46.3,1.135,0,Bonbonera POM Pink
46.2,1.135,0,Bonbonera POM Pink
46.3,1.135,0,Bonbonera POM Pink
46.1,1.14,0,Bonbonera POM Pink
46.3,1.14,0,Bonbonera POM Pink
46.3,1.145,0,Bonbonera POM Pink
46.3,1.145,0,Bonbonera POM Pink
46.3,1.145,0,Bonbonera POM Pink
46.3,1.15,0,Bonbonera POM Pink
46.3,1.15,0,Bonbonera POM Pink
46.3,1.155,0,Bonbonera POM Pink
46.2,1.155,0,Bonbonera POM Pink
46.2,1.16,0,Bonbonera POM Pink
46.2,1.165,0,Bonbonera POM Pink
46.1,1.17,0,Bonbonera POM Pink
46,1.175,0,Bonbonera POM Pink
46,1.18,0,Bonbonera POM Pink
46,1.19,0,Bonbonera POM Pink
46,1.195,0,Bonbonera POM Pink
46,1.2,0,Bonbonera POM Pink
46.1,1.205,0,Bonbonera POM Pink
46,1.21,0,Bonbonera POM Pink
46.2,1.215,0,Bonbonera POM Pink
46.1,1.22,0,Bonbonera POM Pink
46.3,1.225,0,Bonbonera POM Pink
46.4,1.23,0,Bonbonera POM Pink
46.4,1.235,0,Bonbonera POM Pink
46.4,1.235,0,Bonbonera POM Pink
46.5,1.24,0,Bonbonera POM Pink
46.5,1.245,0,Bonbonera POM Pink
46.4,1.25,0,Bonbonera POM Pink
46.3,1.255,0,Bonbonera POM Pink
46.3,1.26,0,Bonbonera POM Pink
46.3,1.265,0,Bonbonera POM Pink
46.4,1.27,0,Bonbonera POM Pink
46.5,1.275,0,Bonbonera POM Pink
46.4,1.285,0,Bonbonera POM Pink
46.4,1.29,0,Bonbonera POM Pink
46.4,1.3,0,Bonbonera POM Pink
46.4,1.305,0,Bonbonera POM Pink
46.4,1.31,0,Bonbonera POM Pink
46.5,1.315,0,Bonbonera POM Pink
46.4,1.32,0,Bonbonera POM Pink
46.4,1.325,0,Bonbonera POM Pink
46.3,1.335,0,Bonbonera POM Pink
46.1,1.34,0,Bonbonera POM Pink
46,1.355,0,Bonbonera POM Pink
46.2,1.365,0,Bonbonera POM Pink
46.4,1.365,0,Bonbonera POM Pink
46.6,1.37,0,Bonbonera POM Pink
46.6,1.375,0,Bonbonera POM Pink
46.5,1.375,0,Bonbonera POM Pink
46.6,1.38,0,Bonbonera POM Pink
46.6,1.385,0,Bonbonera POM Pink
46.6,1.385,0,Bonbonera POM Pink
46.6,1.39,0,Bonbonera POM Pink
46.6,1.39,0,Bonbonera POM Pink
46.5,1.395,0,Bonbonera POM Pink
46.6,1.395,0,Bonbonera POM Pink
46.7,1.4,0,Bonbonera POM Pink
46.5,1.405,0,Bonbonera POM Pink
46.4,1.405,0,Bonbonera POM Pink
46.4,1.41,0,Bonbonera POM Pink
46.3,1.415,0,Bonbonera POM Pink
46.3,1.42,0,Bonbonera POM Pink
46.3,1.425,0,Bonbonera POM Pink
46.3,1.43,0,Bonbonera POM Pink
46.4,1.43,0,Bonbonera POM Pink
46.4,1.43,0,Bonbonera POM Pink
46.4,1.435,0,Bonbonera POM Pink
46.5,1.435,0,Bonbonera POM Pink
46.4,1.435,0,Bonbonera POM Pink
46.4,1.44,0,Bonbonera POM Pink
46.3,1.44,0,Bonbonera POM Pink
46.3,1.445,0,Bonbonera POM Pink
46.2,1.445,0,Bonbonera POM Pink
46.2,1.45,0,Bonbonera POM Pink
46.2,1.45,0,Bonbonera POM Pink
46.2,1.455,0,Bonbonera POM Pink
46.2,1.455,0,Bonbonera POM Pink
46.2,1.46,0,Bonbonera POM Pink
46.3,1.46,0,Bonbonera POM Pink
46.3,1.465,0,Bonbonera POM Pink
46.1,1.465,0,Bonbonera POM Pink
46.1,1.47,0,Bonbonera POM Pink
46.1,1.47,0,Bonbonera POM Pink
46.1,1.475,0,Bonbonera POM Pink
46.1,1.475,0,Bonbonera POM Pink
46,1.48,0,Bonbonera POM Pink
46.1,1.485,0,Bonbonera POM Pink
46.1,1.485,0,Bonbonera POM Pink
46,1.49,0,Bonbonera POM Pink
45.9,1.49,0,Bonbonera POM Pink
45.9,1.495,0,Bonbonera POM Pink
45.8,1.5,0,Bonbonera POM Pink
45.8,1.5,0,Bonbonera POM Pink
45.8,1.505,0,Bonbonera POM Pink
45.8,1.51,0,Bonbonera POM Pink
45.8,1.51,0,Bonbonera POM Pink
45.8,1.515,0,Bonbonera POM Pink
45.8,1.515,0,Bonbonera POM Pink
45.7,1.52,0,Bonbonera POM Pink
45.6,1.52,0,Bonbonera POM Pink
45.7,1.525,0,Bonbonera POM Pink
45.7,1.525,0,Bonbonera POM Pink
45.7,1.53,0,Bonbonera POM Pink
45.7,1.535,0,Bonbonera POM Pink
45.7,1.535,0,Bonbonera POM Pink
45.5,1.54,0,Bonbonera POM Pink
45.5,1.545,0,Bonbonera POM Pink
45.6,1.545,0,Bonbonera POM Pink
45.5,1.55,0,Bonbonera POM Pink
45.5,1.55,0,Bonbonera POM Pink
45.4,1.555,0,Bonbonera POM Pink
45.4,1.56,0,Bonbonera POM Pink
45.4,1.56,0,Bonbonera POM Pink
45.4,1.565,0,Bonbonera POM Pink
45.4,1.565,0,Bonbonera POM Pink
45.4,1.57,0,Bonbonera POM Pink
45.4,1.57,0,Bonbonera POM Pink
45.4,1.57,0,Bonbonera POM Pink
45.4,1.575,0,Bonbonera POM Pink
45.4,1.575,0,Bonbonera POM Pink
45.4,1.575,0,Bonbonera POM Pink
45.4,1.58,0,Bonbonera POM Pink
45.4,1.58,0,Bonbonera POM Pink
45.4,1.58,0,Bonbonera POM Pink
45.4,1.585,0,Bonbonera POM Pink
45.4,1.585,0,Bonbonera POM Pink
45.4,1.585,0,Bonbonera POM Pink
45.4,1.59,0,Bonbonera POM Pink
45.5,1.59,0,Bonbonera POM Pink
45.5,1.59,0,Bonbonera POM Pink
45.5,1.59,0,Bonbonera POM Pink
45.5,1.595,0,Bonbonera POM Pink
45.4,1.595,0,Bonbonera POM Pink
45.4,1.595,0,Bonbonera POM Pink
45.4,1.6,0,Bonbonera POM Pink
45.4,1.6,0,Bonbonera POM Pink
45.3,1.6,0,Bonbonera POM Pink
45.3,1.605,0,Bonbonera POM Pink
45.3,1.605,0,Bonbonera POM Pink
45.3,1.61,0,Bonbonera POM Pink
45.2,1.615,0,Bonbonera POM Pink
45.1,1.615,0,Bonbonera POM Pink
45.1,1.62,0,Bonbonera POM Pink
45.1,1.62,0,Bonbonera POM Pink
45.1,1.625,0,Bonbonera POM Pink
45.1,1.63,0,Bonbonera POM Pink
45.1,1.63,0,Bonbonera POM Pink
45.1,1.635,0,Bonbonera POM Pink
45.1,1.635,0,Bonbonera POM Pink
45,1.64,0,Bonbonera POM Pink
45,1.64,0,Bonbonera POM Pink
45,1.645,0,Bonbonera POM Pink
44.9,1.645,0,Bonbonera POM Pink
44.9,1.65,0,Bonbonera POM Pink
44.7,1.65,0,Bonbonera POM Pink
44.7,1.655,0,Bonbonera POM Pink
44.7,1.655,0,Bonbonera POM Pink
44.6,1.66,0,Bonbonera POM Pink
44.6,1.665,0,Bonbonera POM Pink
44.6,1.67,0,Bonbonera POM Pink
44.6,1.67,0,Bonbonera POM Pink
44.6,1.675,0,Bonbonera POM Pink
44.6,1.68,0,Bonbonera POM Pink
44.6,1.685,0,Bonbonera POM Pink
44.6,1.69,0,Bonbonera POM Pink
44.6,1.69,0,Bonbonera POM Pink
44.6,1.695,0,Bonbonera POM Pink
44.6,1.695,0,Bonbonera POM Pink
44.7,1.7,0,Bonbonera POM Pink
44.7,1.7,0,Bonbonera POM Pink
44.7,1.705,0,Bonbonera POM Pink
44.7,1.705,0,Bonbonera POM Pink
44.7,1.71,0,Bonbonera POM Pink
44.7,1.71,0,Bonbonera POM Pink
44.8,1.715,0,Bonbonera POM Pink
44.8,1.72,0,Bonbonera POM Pink
44.8,1.72,0,Bonbonera POM Pink
44.8,1.725,0,Bonbonera POM Pink
44.9,1.725,0,Bonbonera POM Pink
44.9,1.73,0,Bonbonera POM Pink
44.9,1.73,0,Bonbonera POM Pink
44.9,1.73,0,Bonbonera POM Pink
44.9,1.735,0,Bonbonera POM Pink
45,1.735,0,Bonbonera POM Pink
45,1.74,0,Bonbonera POM Pink
45,1.74,0,Bonbonera POM Pink
45,1.745,0,Bonbonera POM Pink
45,1.745,0,Bonbonera POM Pink
45,1.75,0,Bonbonera POM Pink
45,1.75,0,Bonbonera POM Pink
45,1.75,0,Bonbonera POM Pink
45.1,1.755,0,Bonbonera POM Pink
45.1,1.755,0,Bonbonera POM Pink
45.1,1.755,0,Bonbonera POM Pink
45.1,1.76,0,Bonbonera POM Pink
45.1,1.76,0,Bonbonera POM Pink
45.1,1.76,0,Bonbonera POM Pink
45.1,1.765,0,Bonbonera POM Pink
45.2,1.765,0,Bonbonera POM Pink
45.2,1.77,0,Bonbonera POM Pink
45.2,1.77,0,Bonbonera POM Pink
45.2,1.77,0,Bonbonera POM Pink
45.3,1.775,0,Bonbonera POM Pink
45.3,1.775,0,Bonbonera POM Pink
45.3,1.78,0,Bonbonera POM Pink
45.3,1.78,0,Bonbonera POM Pink
45.3,1.78,0,Bonbonera POM Pink
45.3,1.785,0,Bonbonera POM Pink
45.3,1.785,0,Bonbonera POM Pink
45.3,1.785,0,Bonbonera POM Pink
45.3,1.79,0,Bonbonera POM Pink
45.3,1.79,0,Bonbonera POM Pink
45.3,1.79,0,Bonbonera POM Pink
45.3,1.795,0,Bonbonera POM Pink
45.3,1.795,0,Bonbonera POM Pink
45.3,1.8,0,Bonbonera POM Pink
45.3,1.805,0,Bonbonera POM Pink
45.3,1.81,0,Bonbonera POM Pink
45.3,1.81,0,Bonbonera POM Pink
45.4,1.815,0,Bonbonera POM Pink
45.4,1.82,0,Bonbonera POM Pink
45.4,1.825,0,Bonbonera POM Pink
45.4,1.83,0,Bonbonera POM Pink
45.4,1.835,0,Bonbonera POM Pink
45.4,1.84,0,Bonbonera POM Pink
45.5,1.84,0,Bonbonera POM Pink
45.5,1.845,0,Bonbonera POM Pink
45.5,1.845,0,Bonbonera POM Pink
45.5,1.85,0,Bonbonera POM Pink
45.5,1.85,0,Bonbonera POM Pink
45.6,1.855,0,Bonbonera POM Pink
45.6,1.855,0,Bonbonera POM Pink
45.6,1.86,0,Bonbonera POM Pink
45.6,1.86,0,Bonbonera POM Pink
45.6,1.865,0,Bonbonera POM Pink
45.6,1.865,0,Bonbonera POM Pink
45.6,1.865,0,Bonbonera POM Pink
45.6,1.87,0,Bonbonera POM Pink
45.6,1.87,0,Bonbonera POM Pink
45.6,1.87,0,Bonbonera POM Pink
45.6,1.875,0,Bonbonera POM Pink
45.6,1.875,0,Bonbonera POM Pink
45.7,1.88,0,Bonbonera POM Pink
45.7,1.88,0,Bonbonera POM Pink
45.7,1.885,0,Bonbonera POM Pink
45.7,1.885,0,Bonbonera POM Pink
45.7,1.89,0,Bonbonera POM Pink
45.7,1.89,0,Bonbonera POM Pink
45.7,1.895,0,Bonbonera POM Pink
45.7,1.9,0,Bonbonera POM Pink
45.8,1.9,0,Bonbonera POM Pink
45.8,1.905,0,Bonbonera POM Pink
45.8,1.91,0,Bonbonera POM Pink
45.8,1.915,0,Bonbonera POM Pink
45.8,1.92,0,Bonbonera POM Pink
45.8,1.93,0,Bonbonera POM Pink
45.9,1.935,0,Bonbonera POM Pink
45.9,1.94,0,Bonbonera POM Pink
46,1.945,0,Bonbonera POM Pink
46,1.95,0,Bonbonera POM Pink
46,1.955,0,Bonbonera POM Pink
46,1.96,0,Bonbonera POM Pink
46,1.96,0,Bonbonera POM Pink
46,1.965,0,Bonbonera POM Pink
46,1.965,0,Bonbonera POM Pink
46,1.97,0,Bonbonera POM Pink
46.1,1.975,0,Bonbonera POM Pink
46.1,1.975,0,Bonbonera POM Pink
46.1,1.98,0,Bonbonera POM Pink
46.1,1.98,0,Bonbonera POM Pink
46.1,1.985,0,Bonbonera POM Pink
46.2,1.985,0,Bonbonera POM Pink
46.2,1.99,0,Bonbonera POM Pink
46.2,1.99,0,Bonbonera POM Pink
46.2,1.99,0,Bonbonera POM Pink
46.2,1.995,0,Bonbonera POM Pink
46.3,1.995,0,Bonbonera POM Pink
46.3,1.995,0,Bonbonera POM Pink
46.3,2,0,Bonbonera POM Pink
46.3,2,0,Bonbonera POM Pink
46.3,2,0,Bonbonera POM Pink
46.3,2.005,0,Bonbonera POM Pink
46.3,2.005,0,Bonbonera POM Pink
46.3,2.005,0,Bonbonera POM Pink
46.3,2.01,0,Bonbonera POM Pink
46.3,2.01,0,Bonbonera POM Pink
46.3,2.015,0,Bonbonera POM Pink
46.3,2.015,0,Bonbonera POM Pink
46.3,2.02,0,Bonbonera POM Pink
46.3,2.025,0,Bonbonera POM Pink
46.3,2.03,0,Bonbonera POM Pink
46.3,2.03,0,Bonbonera POM Pink
46.3,2.035,0,Bonbonera POM Pink
46.3,2.04,0,Bonbonera POM Pink
46.3,2.045,0,Bonbonera POM Pink
46.3,2.05,0,Bonbonera POM Pink
46.3,2.055,0,Bonbonera POM Pink
46.4,2.065,0,Bonbonera POM Pink
46.4,2.07,0,Bonbonera POM Pink
46.5,2.08,0,Bonbonera POM Pink
46.5,2.085,0,Bonbonera POM Pink
46.5,2.09,0,Bonbonera POM Pink
46.5,2.1,0,Bonbonera POM Pink
46.6,2.105,0,Bonbonera POM Pink
46.6,2.11,0,Bonbonera POM Pink
46.6,2.115,0,Bonbonera POM Pink
46.7,2.12,0,Bonbonera POM Pink
46.6,2.125,0,Bonbonera POM Pink
46.7,2.13,0,Bonbonera POM Pink
46.7,2.14,0,Bonbonera POM Pink
46.7,2.145,0,Bonbonera POM Pink
46.7,2.15,0,Bonbonera POM Pink
46.7,2.155,0,Bonbonera POM Pink
46.8,2.16,0,Bonbonera POM Pink
46.8,2.165,0,Bonbonera POM Pink
46.9,2.175,0,Bonbonera POM Pink
46.8,2.18,0,Bonbonera POM Pink
46.8,2.185,0,Bonbonera POM Pink
46.9,2.19,0,Bonbonera POM Pink
46.9,2.195,0,Bonbonera POM Pink
46.9,2.2,0,Bonbonera POM Pink
46.9,2.205,0,Bonbonera POM Pink
46.9,2.205,0,Bonbonera POM Pink
46.9,2.21,0,Bonbonera POM Pink
47,2.21,0,Bonbonera POM Pink
47,2.21,0,Bonbonera POM Pink
47,2.215,0,Bonbonera POM Pink
47,2.22,0,Bonbonera POM Pink
47,2.22,0,Bonbonera POM Pink
47,2.22,0,Bonbonera POM Pink
47.1,2.225,0,Bonbonera POM Pink
47.1,2.225,0,Bonbonera POM Pink
47,2.23,0,Bonbonera POM Pink
47,2.235,0,Bonbonera POM Pink
47,2.235,0,Bonbonera POM Pink
47,2.24,0,Bonbonera POM Pink
47,2.24,0,Bonbonera POM Pink
47,2.245,0,Bonbonera POM Pink
47,2.25,0,Bonbonera POM Pink
47,2.25,0,Bonbonera POM Pink
47,2.255,0,Bonbonera POM Pink
47.1,2.26,0,Bonbonera POM Pink
47.1,2.265,0,Bonbonera POM Pink
47.1,2.265,0,Bonbonera POM Pink
47.1,2.27,0,Bonbonera POM Pink
47.2,2.275,0,Bonbonera POM Pink
47.2,2.28,0,Bonbonera POM Pink
47.2,2.285,0,Bonbonera POM Pink
47.3,2.285,0,Bonbonera POM Pink
47.3,2.29,0,Bonbonera POM Pink
47.3,2.29,0,Bonbonera POM Pink
47.2,2.295,0,Bonbonera POM Pink
47.2,2.3,0,Bonbonera POM Pink
47.2,2.3,0,Bonbonera POM Pink
47.2,2.305,0,Bonbonera POM Pink
47.2,2.31,0,Bonbonera POM Pink
47.1,2.31,0,Bonbonera POM Pink
47.1,2.315,0,Bonbonera POM Pink
47.2,2.315,0,Bonbonera POM Pink
47.2,2.32,0,Bonbonera POM Pink
47.2,2.32,0,Bonbonera POM Pink
47.2,2.325,0,Bonbonera POM Pink
47.2,2.325,0,Bonbonera POM Pink
47.2,2.33,0,Bonbonera POM Pink
47.2,2.33,0,Bonbonera POM Pink
47.2,2.335,0,Bonbonera POM Pink
47.2,2.335,0,Bonbonera POM Pink
47.2,2.34,0,Bonbonera POM Pink
47.2,2.34,0,Bonbonera POM Pink
47.3,2.345,0,Bonbonera POM Pink
47.3,2.345,0,Bonbonera POM Pink
47.3,2.35,0,Bonbonera POM Pink
47.3,2.35,0,Bonbonera POM Pink
47.3,2.355,0,Bonbonera POM Pink
47.3,2.355,0,Bonbonera POM Pink
47.3,2.36,0,Bonbonera POM Pink
47.4,2.36,0,Bonbonera POM Pink
47.4,2.365,0,Bonbonera POM Pink
47.4,2.365,0,Bonbonera POM Pink
47.4,2.37,0,Bonbonera POM Pink
47.4,2.37,0,Bonbonera POM Pink
47.4,2.375,0,Bonbonera POM Pink
47.4,2.38,0,Bonbonera POM Pink
47.4,2.38,0,Bonbonera POM Pink
47.4,2.385,0,Bonbonera POM Pink
47.4,2.39,0,Bonbonera POM Pink
47.4,2.395,0,Bonbonera POM Pink
47.4,2.395,0,Bonbonera POM Pink
47.4,2.4,0,Bonbonera POM Pink
47.4,2.4,0,Bonbonera POM Pink
47.4,2.405,0,Bonbonera POM Pink
47.5,2.41,0,Bonbonera POM Pink
47.5,2.41,0,Bonbonera POM Pink
47.5,2.415,0,Bonbonera POM Pink
47.5,2.415,0,Bonbonera POM Pink
47.5,2.415,0,Bonbonera POM Pink
47.5,2.42,0,Bonbonera POM Pink
47.5,2.42,0,Bonbonera POM Pink
47.5,2.425,0,Bonbonera POM Pink
47.5,2.425,0,Bonbonera POM Pink
47.5,2.43,0,Bonbonera POM Pink
47.5,2.43,0,Bonbonera POM Pink
47.5,2.435,0,Bonbonera POM Pink
47.6,2.435,0,Bonbonera POM Pink
47.6,2.435,0,Bonbonera POM Pink
47.6,2.44,0,Bonbonera POM Pink
47.6,2.44,0,Bonbonera POM Pink
47.6,2.445,0,Bonbonera POM Pink
47.6,2.445,0,Bonbonera POM Pink
47.6,2.45,0,Bonbonera POM Pink
47.6,2.45,0,Bonbonera POM Pink
47.6,2.45,0,Bonbonera POM Pink
47.7,2.455,0,Bonbonera POM Pink
47.7,2.455,0,Bonbonera POM Pink
47.7,2.455,0,Bonbonera POM Pink
47.7,2.46,0,Bonbonera POM Pink
47.7,2.46,0,Bonbonera POM Pink
47.7,2.46,0,Bonbonera POM Pink
47.7,2.465,0,Bonbonera POM Pink
47.8,2.465,0,Bonbonera POM Pink
47.8,2.465,0,Bonbonera POM Pink
47.8,2.47,0,Bonbonera POM Pink
47.8,2.47,0,Bonbonera POM Pink
47.8,2.47,0,Bonbonera POM Pink
47.8,2.47,0,Bonbonera POM Pink
47.8,2.475,0,Bonbonera POM Pink
47.8,2.475,0,Bonbonera POM Pink
47.8,2.48,0,Bonbonera POM Pink
47.8,2.48,0,Bonbonera POM Pink
47.8,2.485,0,Bonbonera POM Pink
47.9,2.485,0,Bonbonera POM Pink
47.9,2.49,0,Bonbonera POM Pink
47.9,2.49,0,Bonbonera POM Pink
47.9,2.495,0,Bonbonera POM Pink
47.9,2.495,0,Bonbonera POM Pink
47.9,2.5,0,Bonbonera POM Pink
47.9,2.505,0,Bonbonera POM Pink
47.9,2.505,0,Bonbonera POM Pink
47.9,2.51,0,Bonbonera POM Pink
47.9,2.515,0,Bonbonera POM Pink
47.9,2.515,0,Bonbonera POM Pink
47.9,2.52,0,Bonbonera POM Pink
47.9,2.52,0,Bonbonera POM Pink
47.9,2.525,0,Bonbonera POM Pink
47.9,2.53,0,Bonbonera POM Pink
47.9,2.535,0,Bonbonera POM Pink
48,2.54,0,Bonbonera POM Pink
48,2.545,0,Bonbonera POM Pink
48,2.55,0,Bonbonera POM Pink
48,2.555,0,Bonbonera POM Pink
48.1,2.565,0,Bonbonera POM Pink
48.1,2.57,0,Bonbonera POM Pink
48.1,2.58,0,Bonbonera POM Pink
48.1,2.585,0,Bonbonera POM Pink
48.1,2.59,0,Bonbonera POM Pink
48.1,2.595,0,Bonbonera POM Pink
48.2,2.6,0,Bonbonera POM Pink
48.2,2.605,0,Bonbonera POM Pink
48.2,2.605,0,Bonbonera POM Pink
48.2,2.61,0,Bonbonera POM Pink
48.3,2.61,0,Bonbonera POM Pink
48.3,2.615,0,Bonbonera POM Pink
48.3,2.615,0,Bonbonera POM Pink
48.4,2.62,0,Bonbonera POM Pink
48.4,2.625,0,Bonbonera POM Pink
48.4,2.63,0,Bonbonera POM Pink
48.4,2.635,0,Bonbonera POM Pink
48.4,2.64,0,Bonbonera POM Pink
48.5,2.645,0,Bonbonera POM Pink
48.5,2.645,0,Bonbonera POM Pink
48.6,2.65,0,Bonbonera POM Pink
48.6,2.655,0,Bonbonera POM Pink
48.6,2.66,0,Bonbonera POM Pink
48.7,2.67,0,Bonbonera POM Pink
48.8,2.675,0,Bonbonera POM Pink
48.8,2.685,0,Bonbonera POM Pink
48.8,2.69,0,Bonbonera POM Pink
48.9,2.695,0,Bonbonera POM Pink
49,2.695,0,Bonbonera POM Pink
49,2.7,0,Bonbonera POM Pink
49,2.705,0,Bonbonera POM Pink
49.1,2.71,0,Bonbonera POM Pink
49.1,2.715,0,Bonbonera POM Pink
49.1,2.72,0,Bonbonera POM Pink
49.2,2.72,0,Bonbonera POM Pink
49.2,2.725,0,Bonbonera POM Pink
49.2,2.73,0,Bonbonera POM Pink
49.3,2.73,0,Bonbonera POM Pink
49.3,2.735,0,Bonbonera POM Pink
49.3,2.74,0,Bonbonera POM Pink
49.3,2.74,0,Bonbonera POM Pink
49.3,2.745,0,Bonbonera POM Pink
49.3,2.745,0,Bonbonera POM Pink
49.4,2.75,0,Bonbonera POM Pink
49.4,2.75,0,Bonbonera POM Pink
49.4,2.755,0,Bonbonera POM Pink
49.4,2.76,0,Bonbonera POM Pink
49.4,2.76,0,Bonbonera POM Pink
49.4,2.765,0,Bonbonera POM Pink
49.5,2.77,0,Bonbonera POM Pink
49.5,2.775,0,Bonbonera POM Pink
49.5,2.78,0,Bonbonera POM Pink
49.5,2.785,0,Bonbonera POM Pink
49.5,2.79,0,Bonbonera POM Pink
49.6,2.795,0,Bonbonera POM Pink
49.6,2.805,0,Bonbonera POM Pink
49.6,2.81,0,Bonbonera POM Pink
49.7,2.815,0,Bonbonera POM Pink
49.7,2.82,0,Bonbonera POM Pink
49.7,2.825,0,Bonbonera POM Pink
49.8,2.83,0,Bonbonera POM Pink
49.7,2.83,0,Bonbonera POM Pink
49.8,2.835,0,Bonbonera POM Pink
49.8,2.84,0,Bonbonera POM Pink
49.8,2.845,0,Bonbonera POM Pink
49.8,2.85,0,Bonbonera POM Pink
49.8,2.855,0,Bonbonera POM Pink
49.8,2.855,0,Bonbonera POM Pink
49.8,2.86,0,Bonbonera POM Pink
49.9,2.865,0,Bonbonera POM Pink
49.9,2.865,0,Bonbonera POM Pink
49.9,2.87,0,Bonbonera POM Pink
49.9,2.875,0,Bonbonera POM Pink
49.8,2.88,0,Bonbonera POM Pink
49.9,2.885,0,Bonbonera POM Pink
49.9,2.89,0,Bonbonera POM Pink
50,2.89,0,Bonbonera POM Pink
49.9,2.895,0,Bonbonera POM Pink
49.9,2.9,0,Bonbonera POM Pink
50,2.905,0,Bonbonera POM Pink
50,2.91,0,Bonbonera POM Pink
50,2.915,0,Bonbonera POM Pink
50,2.92,0,Bonbonera POM Pink
50,2.925,0,Bonbonera POM Pink
50.1,2.925,0,Bonbonera POM Pink
50.1,2.93,0,Bonbonera POM Pink
50.1,2.935,0,Bonbonera POM Pink
50.2,2.94,0,Bonbonera POM Pink
50.3,2.94,0,Bonbonera POM Pink
50.2,2.945,0,Bonbonera POM Pink
50.3,2.945,0,Bonbonera POM Pink
50.2,2.95,0,Bonbonera POM Pink
50.3,2.955,0,Bonbonera POM Pink
50.3,2.955,0,Bonbonera POM Pink
50.3,2.955,0,Bonbonera POM Pink
50.3,2.96,0,Bonbonera POM Pink
50.3,2.965,0,Bonbonera POM Pink
50.3,2.965,0,Bonbonera POM Pink
50.3,2.97,0,Bonbonera POM Pink
50.3,2.97,0,Bonbonera POM Pink
50.3,2.97,0,Bonbonera POM Pink
50.4,2.975,0,Bonbonera POM Pink
50.4,2.975,0,Bonbonera POM Pink
50.4,2.975,0,Bonbonera POM Pink
50.4,2.975,0,Bonbonera POM Pink
50.5,2.975,0,Bonbonera POM Pink
50.5,2.98,0,Bonbonera POM Pink
50.5,2.98,0,Bonbonera POM Pink
50.5,2.98,0,Bonbonera POM Pink
50.5,2.98,0,Bonbonera POM Pink
50.5,2.98,0,Bonbonera POM Pink
50.5,2.98,0,Bonbonera POM Pink
50.5,2.98,0,Bonbonera POM Pink
50.5,2.98,0,Bonbonera POM Pink
50.5,2.985,0,Bonbonera POM Pink
50.5,2.985,0,Bonbonera POM Pink
50.5,2.985,0,Bonbonera POM Pink
50.5,2.985,0,Bonbonera POM Pink
50.4,2.985,0,Bonbonera POM Pink
50.4,2.99,0,Bonbonera POM Pink
50.4,2.99,0,Bonbonera POM Pink
50.4,2.99,0,Bonbonera POM Pink
50.4,2.995,0,Bonbonera POM Pink
50.4,2.995,0,Bonbonera POM Pink
50.4,2.995,0,Bonbonera POM Pink
50.5,2.995,0,Bonbonera POM Pink
50.5,3,0,Bonbonera POM Pink
50.5,3,0,Bonbonera POM Pink
50.5,3.005,0,Bonbonera POM Pink
50.5,3.005,0,Bonbonera POM Pink
50.6,3.005,0,Bonbonera POM Pink
50.6,3.01,0,Bonbonera POM Pink
50.6,3.01,0,Bonbonera POM Pink
50.6,3.015,0,Bonbonera POM Pink
50.6,3.015,0,Bonbonera POM Pink
50.6,3.02,0,Bonbonera POM Pink
50.7,3.02,0,Bonbonera POM Pink
50.7,3.025,0,Bonbonera POM Pink
50.6,3.03,0,Bonbonera POM Pink
50.6,3.035,0,Bonbonera POM Pink
50.6,3.04,0,Bonbonera POM Pink
50.6,3.045,0,Bonbonera POM Pink
50.6,3.05,0,Bonbonera POM Pink
50.6,3.055,0,Bonbonera POM Pink
50.6,3.055,0,Bonbonera POM Pink
50.7,3.06,0,Bonbonera POM Pink
50.6,3.065,0,Bonbonera POM Pink
50.6,3.07,0,Bonbonera POM Pink
50.6,3.075,0,Bonbonera POM Pink
50.7,3.08,0,Bonbonera POM Pink
50.8,3.085,0,Bonbonera POM Pink
50.8,3.09,0,Bonbonera POM Pink
50.8,3.095,0,Bonbonera POM Pink
50.8,3.095,0,Bonbonera POM Pink
50.9,3.1,0,Bonbonera POM Pink
50.8,3.105,0,Bonbonera POM Pink
50.9,3.11,0,Bonbonera POM Pink
50.9,3.115,0,Bonbonera POM Pink
50.8,3.115,0,Bonbonera POM Pink
50.8,3.12,0,Bonbonera POM Pink
50.8,3.125,0,Bonbonera POM Pink
50.8,3.13,0,Bonbonera POM Pink
50.9,3.13,0,Bonbonera POM Pink
50.9,3.135,0,Bonbonera POM Pink
51,3.14,0,Bonbonera POM Pink
51,3.14,0,Bonbonera POM Pink
51,3.145,0,Bonbonera POM Pink
51,3.15,0,Bonbonera POM Pink
51,3.15,0,Bonbonera POM Pink
51,3.155,0,Bonbonera POM Pink
51.1,3.155,0,Bonbonera POM Pink
51.1,3.16,0,Bonbonera POM Pink
51.1,3.165,0,Bonbonera POM Pink
51.1,3.165,0,Bonbonera POM Pink
51.1,3.17,0,Bonbonera POM Pink
51.1,3.175,0,Bonbonera POM Pink
51.1,3.175,0,Bonbonera POM Pink
51.1,3.18,0,Bonbonera POM Pink
51.1,3.18,0,Bonbonera POM Pink
51.1,3.185,0,Bonbonera POM Pink
51.1,3.19,0,Bonbonera POM Pink
51.1,3.19,0,Bonbonera POM Pink
51.2,3.195,0,Bonbonera POM Pink
51.2,3.195,0,Bonbonera POM Pink
51.3,3.2,0,Bonbonera POM Pink
51.4,3.2,0,Bonbonera POM Pink
51.4,3.205,0,Bonbonera POM Pink
51.4,3.205,0,Bonbonera POM Pink
51.4,3.21,0,Bonbonera POM Pink
51.4,3.21,0,Bonbonera POM Pink
51.4,3.215,0,Bonbonera POM Pink
51.5,3.22,0,Bonbonera POM Pink
51.5,3.22,0,Bonbonera POM Pink
51.5,3.225,0,Bonbonera POM Pink
51.5,3.23,0,Bonbonera POM Pink
51.5,3.235,0,Bonbonera POM Pink
51.5,3.24,0,Bonbonera POM Pink
51.5,3.245,0,Bonbonera POM Pink
51.5,3.25,0,Bonbonera POM Pink
51.6,3.255,0,Bonbonera POM Pink
51.6,3.255,0,Bonbonera POM Pink
51.6,3.26,0,Bonbonera POM Pink
51.7,3.265,0,Bonbonera POM Pink
51.8,3.265,0,Bonbonera POM Pink
51.7,3.27,0,Bonbonera POM Pink
51.7,3.275,0,Bonbonera POM Pink
51.8,3.28,0,Bonbonera POM Pink
51.8,3.285,0,Bonbonera POM Pink
51.8,3.29,0,Bonbonera POM Pink
51.9,3.295,0,Bonbonera POM Pink
51.8,3.295,0,Bonbonera POM Pink
51.8,3.305,0,Bonbonera POM Pink
51.7,3.315,0,Bonbonera POM Pink
51.8,3.32,0,Bonbonera POM Pink
51.7,3.325,0,Bonbonera POM Pink
51.9,3.33,0,Bonbonera POM Pink
51.9,3.33,0,Bonbonera POM Pink
51.9,3.33,0,Bonbonera POM Pink
51.9,3.335,0,Bonbonera POM Pink
51.9,3.335,0,Bonbonera POM Pink
51.9,3.34,0,Bonbonera POM Pink
51.9,3.34,0,Bonbonera POM Pink
51.9,3.345,0,Bonbonera POM Pink
51.9,3.35,0,Bonbonera POM Pink
51.9,3.355,0,Bonbonera POM Pink
52,3.36,0,Bonbonera POM Pink
52.1,3.365,0,Bonbonera POM Pink
52,3.375,0,Bonbonera POM Pink
52,3.38,0,Bonbonera POM Pink
52,3.39,0,Bonbonera POM Pink
52.1,3.395,0,Bonbonera POM Pink
52.2,3.4,0,Bonbonera POM Pink
52.2,3.41,0,Bonbonera POM Pink
52.1,3.415,0,Bonbonera POM Pink
52.3,3.425,0,Bonbonera POM Pink
52.3,3.43,0,Bonbonera POM Pink
52.4,3.435,0,Bonbonera POM Pink
52.4,3.445,0,Bonbonera POM Pink
52.4,3.45,0,Bonbonera POM Pink
52.4,3.455,0,Bonbonera POM Pink
52.4,3.455,0,Bonbonera POM Pink
52.4,3.465,0,Bonbonera POM Pink
52.5,3.465,0,Bonbonera POM Pink
52.5,3.47,0,Bonbonera POM Pink
52.6,3.47,0,Bonbonera POM Pink
52.6,3.475,0,Bonbonera POM Pink
52.5,3.48,0,Bonbonera POM Pink
52.6,3.48,0,Bonbonera POM Pink
52.7,3.485,0,Bonbonera POM Pink
52.7,3.49,0,Bonbonera POM Pink
52.7,3.49,0,Bonbonera POM Pink
52.7,3.495,0,Bonbonera POM Pink
53.7,3.5,0,Bonbonera POM Pink
57.5,3.5,0,Bonbonera POM Pink
60.8,3.505,0,Bonbonera POM Pink
63.4,3.51,0,Bonbonera POM Pink
65.3,3.51,0,Bonbonera POM Pink
66.3,3.51,0,Bonbonera POM Pink
67.5,3.515,0,Bonbonera POM Pink
69.4,3.515,0,Bonbonera POM Pink
71.7,3.52,0,Bonbonera POM Pink
74.3,3.52,0,Bonbonera POM Pink
77.5,3.525,0,Bonbonera POM Pink
80.6,3.53,0,Bonbonera POM Pink
84.9,3.53,0,Bonbonera POM Pink
90.6,3.54,0,Bonbonera POM Pink
94.4,3.54,0,Bonbonera POM Pink
99.9,3.55,0,Bonbonera POM Pink
103.1,3.55,0,Bonbonera POM Pink
105.4,3.555,0,Bonbonera POM Pink
108.2,3.555,0,Bonbonera POM Pink
111.9,3.56,0,Bonbonera POM Pink
115.2,3.565,0,Bonbonera POM Pink
118,3.565,0,Bonbonera POM Pink
119.8,3.57,0,Bonbonera POM Pink
121.8,3.57,0,Bonbonera POM Pink
124,3.575,0,Bonbonera POM Pink
125.9,3.575,0,Bonbonera POM Pink
127.7,3.58,0,Bonbonera POM Pink
129.7,3.58,0,Bonbonera POM Pink
132,3.585,0,Bonbonera POM Pink
134.3,3.585,0,Bonbonera POM Pink
136.2,3.59,0,Bonbonera POM Pink
138.2,3.59,0,Bonbonera POM Pink
139.9,3.59,0,Bonbonera POM Pink
140.4,3.595,0,Bonbonera POM Pink
141,3.595,0,Bonbonera POM Pink
142,3.595,0,Bonbonera POM Pink
143.6,3.595,0,Bonbonera POM Pink
145.7,3.6,0,Bonbonera POM Pink
147.4,3.6,0,Bonbonera POM Pink
148.9,3.605,0,Bonbonera POM Pink
150.5,3.605,0,Bonbonera POM Pink
152.5,3.61,0,Bonbonera POM Pink
156.7,3.61,0,Bonbonera POM Pink
157.7,3.615,0,Bonbonera POM Pink
158,3.615,0,Bonbonera POM Pink
158.8,3.615,0,Bonbonera POM Pink
160,3.62,0,Bonbonera POM Pink
161.6,3.62,0,Bonbonera POM Pink
163.4,3.625,0,Bonbonera POM Pink
164.8,3.625,0,Bonbonera POM Pink
166.2,3.63,0,Bonbonera POM Pink
168.3,3.63,0,Bonbonera POM Pink
170.6,3.635,0,Bonbonera POM Pink
172.9,3.635,0,Bonbonera POM Pink
175.6,3.64,0,Bonbonera POM Pink
176.8,3.64,0,Bonbonera POM Pink
176.7,3.64,0,Bonbonera POM Pink
176.6,3.64,0,Bonbonera POM Pink
176.5,3.64,0,Bonbonera POM Pink
176.4,3.64,0,Bonbonera POM Pink
176.4,3.64,0,Bonbonera POM Pink
176.4,3.64,0,Bonbonera POM Pink
176.3,3.64,0,Bonbonera POM Pink
176.3,3.64,0,Bonbonera POM Pink
176.2,3.64,0,Bonbonera POM Pink
176.2,3.64,0,Bonbonera POM Pink
176.2,3.64,0,Bonbonera POM Pink
176.2,3.64,0,Bonbonera POM Pink
176.2,3.64,0,Bonbonera POM Pink
175.9,3.64,0,Bonbonera POM Pink
175.8,3.64,0,Bonbonera POM Pink
175.6,3.64,0,Bonbonera POM Pink
175.4,3.64,0,Bonbonera POM Pink
175.4,3.64,0,Bonbonera POM Pink
175.2,3.64,0,Bonbonera POM Pink
175,3.64,0,Bonbonera POM Pink
174.8,3.64,0,Bonbonera POM Pink
174.5,3.64,0,Bonbonera POM Pink
174.1,3.64,0,Bonbonera POM Pink
173.4,3.64,0,Bonbonera POM Pink
172.9,3.64,0,Bonbonera POM Pink
172.5,3.64,0,Bonbonera POM Pink
171.6,3.635,0,Bonbonera POM Pink
170.5,3.635,0,Bonbonera POM Pink
169.2,3.635,0,Bonbonera POM Pink
168.8,3.635,0,Bonbonera POM Pink
168.6,3.635,0,Bonbonera POM Pink
168.3,3.635,0,Bonbonera POM Pink
167.9,3.635,0,Bonbonera POM Pink
167.3,3.635,0,Bonbonera POM Pink
166.8,3.635,0,Bonbonera POM Pink
166,3.63,0,Bonbonera POM Pink
165.4,3.63,0,Bonbonera POM Pink
164.8,3.63,0,Bonbonera POM Pink
164.2,3.63,0,Bonbonera POM Pink
163.6,3.63,0,Bonbonera POM Pink
163,3.63,0,Bonbonera POM Pink
162.4,3.63,0,Bonbonera POM Pink
161.7,3.63,0,Bonbonera POM Pink
160.9,3.63,0,Bonbonera POM Pink
160.2,3.625,0,Bonbonera POM Pink
159.6,3.625,0,Bonbonera POM Pink
158.9,3.625,0,Bonbonera POM Pink
158.3,3.625,0,Bonbonera POM Pink
157.7,3.625,0,Bonbonera POM Pink
157.2,3.625,0,Bonbonera POM Pink
156.6,3.625,0,Bonbonera POM Pink
156.1,3.625,0,Bonbonera POM Pink
155.6,3.625,0,Bonbonera POM Pink
155.6,3.625,0,Bonbonera POM Pink
155.1,3.625,0,Bonbonera POM Pink
154.1,3.62,0,Bonbonera POM Pink
152.7,3.62,0,Bonbonera POM Pink
151.6,3.62,0,Bonbonera POM Pink
150.5,3.62,0,Bonbonera POM Pink
149,3.615,0,Bonbonera POM Pink
147.7,3.615,0,Bonbonera POM Pink
146.6,3.615,0,Bonbonera POM Pink
145.7,3.615,0,Bonbonera POM Pink
144.5,3.615,0,Bonbonera POM Pink
143,3.61,0,Bonbonera POM Pink
141.5,3.61,0,Bonbonera POM Pink
140.1,3.61,0,Bonbonera POM Pink
138.8,3.605,0,Bonbonera POM Pink
137.5,3.605,0,Bonbonera POM Pink
135.8,3.605,0,Bonbonera POM Pink
134.4,3.605,0,Bonbonera POM Pink
133.2,3.6,0,Bonbonera POM Pink
132.6,3.6,0,Bonbonera POM Pink
132.1,3.6,0,Bonbonera POM Pink
131.4,3.6,0,Bonbonera POM Pink
130,3.6,0,Bonbonera POM Pink
128.4,3.595,0,Bonbonera POM Pink
127.1,3.595,0,Bonbonera POM Pink
126.4,3.595,0,Bonbonera POM Pink
125.9,3.595,0,Bonbonera POM Pink
125.4,3.595,0,Bonbonera POM Pink
124.5,3.595,0,Bonbonera POM Pink
123.1,3.59,0,Bonbonera POM Pink
121.7,3.59,0,Bonbonera POM Pink
119.7,3.59,0,Bonbonera POM Pink
117.1,3.585,0,Bonbonera POM Pink
113.4,3.58,0,Bonbonera POM Pink
109.6,3.58,0,Bonbonera POM Pink
105.6,3.575,0,Bonbonera POM Pink
101.5,3.57,0,Bonbonera POM Pink
97.3,3.565,0,Bonbonera POM Pink
94,3.56,0,Bonbonera POM Pink
91,3.56,0,Bonbonera POM Pink
88.3,3.555,0,Bonbonera POM Pink
85.8,3.555,0,Bonbonera POM Pink
83.4,3.55,0,Bonbonera POM Pink
81.1,3.55,0,Bonbonera POM Pink
79.1,3.55,0,Bonbonera POM Pink
76.9,3.545,0,Bonbonera POM Pink
74,3.545,0,Bonbonera POM Pink
71.3,3.54,0,Bonbonera POM Pink
68.5,3.535,0,Bonbonera POM Pink
65.6,3.535,0,Bonbonera POM Pink
62.7,3.53,0,Bonbonera POM Pink
60.2,3.53,0,Bonbonera POM Pink
57.9,3.525,0,Bonbonera POM Pink
55.7,3.525,0,Bonbonera POM Pink
53.9,3.52,0,Bonbonera POM Pink
52,3.52,0,Bonbonera POM Pink
50.9,3.515,0,Bonbonera POM Pink
50.5,3.515,0,Bonbonera POM Pink
50.2,3.51,0,Bonbonera POM Pink
49.9,3.51,0,Bonbonera POM Pink
49.7,3.505,0,Bonbonera POM Pink
49.6,3.505,0,Bonbonera POM Pink
49.6,3.505,0,Bonbonera POM Pink
49.5,3.5,0,Bonbonera POM Pink
49.4,3.5,0,Bonbonera POM Pink
49.4,3.5,0,Bonbonera POM Pink
49.4,3.495,0,Bonbonera POM Pink
49.6,3.495,0,Bonbonera POM Pink
49.7,3.495,0,Bonbonera POM Pink
49.8,3.49,0,Bonbonera POM Pink
49.8,3.49,0,Bonbonera POM Pink
49.8,3.485,0,Bonbonera POM Pink
49.8,3.485,0,Bonbonera POM Pink
49.8,3.48,0,Bonbonera POM Pink
49.8,3.48,0,Bonbonera POM Pink
49.7,3.48,0,Bonbonera POM Pink
49.7,3.475,0,Bonbonera POM Pink
49.7,3.475,0,Bonbonera POM Pink
49.7,3.47,0,Bonbonera POM Pink
49.7,3.47,0,Bonbonera POM Pink
49.7,3.465,0,Bonbonera POM Pink
49.7,3.465,0,Bonbonera POM Pink
49.7,3.46,0,Bonbonera POM Pink
49.6,3.46,0,Bonbonera POM Pink
49.6,3.455,0,Bonbonera POM Pink
49.5,3.455,0,Bonbonera POM Pink
49.4,3.45,0,Bonbonera POM Pink
49.5,3.45,0,Bonbonera POM Pink
49.5,3.445,0,Bonbonera POM Pink
49.5,3.44,0,Bonbonera POM Pink
49.5,3.44,0,Bonbonera POM Pink
49.5,3.435,0,Bonbonera POM Pink
49.5,3.435,0,Bonbonera POM Pink
49.5,3.43,0,Bonbonera POM Pink
49.4,3.425,0,Bonbonera POM Pink
49.4,3.425,0,Bonbonera POM Pink
49.4,3.42,0,Bonbonera POM Pink
49.4,3.415,0,Bonbonera POM Pink
49.4,3.415,0,Bonbonera POM Pink
49.4,3.41,0,Bonbonera POM Pink
49.4,3.41,0,Bonbonera POM Pink
49.4,3.405,0,Bonbonera POM Pink
49.3,3.405,0,Bonbonera POM Pink
49.3,3.4,0,Bonbonera POM Pink
49.3,3.4,0,Bonbonera POM Pink
49.3,3.395,0,Bonbonera POM Pink
49.3,3.395,0,Bonbonera POM Pink
49.2,3.39,0,Bonbonera POM Pink
49.2,3.39,0,Bonbonera POM Pink
49.3,3.385,0,Bonbonera POM Pink
49.2,3.385,0,Bonbonera POM Pink
49.2,3.38,0,Bonbonera POM Pink
49.2,3.38,0,Bonbonera POM Pink
49.2,3.375,0,Bonbonera POM Pink
49.2,3.375,0,Bonbonera POM Pink
49.2,3.37,0,Bonbonera POM Pink
49.2,3.37,0,Bonbonera POM Pink
49.2,3.37,0,Bonbonera POM Pink
49.2,3.365,0,Bonbonera POM Pink
49.2,3.36,0,Bonbonera POM Pink
49.2,3.355,0,Bonbonera POM Pink
49.2,3.35,0,Bonbonera POM Pink
49.2,3.345,0,Bonbonera POM Pink
49.1,3.345,0,Bonbonera POM Pink
49.1,3.34,0,Bonbonera POM Pink
49.1,3.34,0,Bonbonera POM Pink
49.1,3.335,0,Bonbonera POM Pink
49.1,3.335,0,Bonbonera POM Pink
49.1,3.33,0,Bonbonera POM Pink
49.1,3.325,0,Bonbonera POM Pink
49.1,3.32,0,Bonbonera POM Pink
49.1,3.315,0,Bonbonera POM Pink
49.1,3.31,0,Bonbonera POM Pink
48.9,3.31,0,Bonbonera POM Pink
48.9,3.305,0,Bonbonera POM Pink
48.8,3.3,0,Bonbonera POM Pink
48.9,3.3,0,Bonbonera POM Pink
48.9,3.295,0,Bonbonera POM Pink
48.8,3.295,0,Bonbonera POM Pink
48.8,3.295,0,Bonbonera POM Pink
48.8,3.29,0,Bonbonera POM Pink
48.9,3.29,0,Bonbonera POM Pink
48.9,3.285,0,Bonbonera POM Pink
48.9,3.285,0,Bonbonera POM Pink
48.9,3.28,0,Bonbonera POM Pink
48.9,3.275,0,Bonbonera POM Pink
48.9,3.27,0,Bonbonera POM Pink
48.9,3.27,0,Bonbonera POM Pink
48.9,3.265,0,Bonbonera POM Pink
48.8,3.26,0,Bonbonera POM Pink
48.8,3.255,0,Bonbonera POM Pink
48.8,3.255,0,Bonbonera POM Pink
48.8,3.25,0,Bonbonera POM Pink
48.8,3.25,0,Bonbonera POM Pink
48.8,3.245,0,Bonbonera POM Pink
48.8,3.245,0,Bonbonera POM Pink
48.8,3.24,0,Bonbonera POM Pink
48.8,3.235,0,Bonbonera POM Pink
48.8,3.235,0,Bonbonera POM Pink
48.7,3.235,0,Bonbonera POM Pink
48.7,3.23,0,Bonbonera POM Pink
48.7,3.23,0,Bonbonera POM Pink
48.7,3.23,0,Bonbonera POM Pink
48.7,3.225,0,Bonbonera POM Pink
48.7,3.225,0,Bonbonera POM Pink
48.7,3.22,0,Bonbonera POM Pink
48.7,3.22,0,Bonbonera POM Pink
48.7,3.22,0,Bonbonera POM Pink
48.7,3.215,0,Bonbonera POM Pink
48.7,3.215,0,Bonbonera POM Pink
48.7,3.21,0,Bonbonera POM Pink
48.7,3.205,0,Bonbonera POM Pink
48.7,3.2,0,Bonbonera POM Pink
48.7,3.195,0,Bonbonera POM Pink
48.7,3.195,0,Bonbonera POM Pink
48.6,3.19,0,Bonbonera POM Pink
48.6,3.185,0,Bonbonera POM Pink
48.6,3.18,0,Bonbonera POM Pink
48.6,3.18,0,Bonbonera POM Pink
48.6,3.175,0,Bonbonera POM Pink
48.6,3.175,0,Bonbonera POM Pink
48.6,3.17,0,Bonbonera POM Pink
48.6,3.165,0,Bonbonera POM Pink
48.6,3.165,0,Bonbonera POM Pink
48.5,3.16,0,Bonbonera POM Pink
48.5,3.155,0,Bonbonera POM Pink
48.5,3.15,0,Bonbonera POM Pink
48.5,3.15,0,Bonbonera POM Pink
48.5,3.145,0,Bonbonera POM Pink
48.5,3.145,0,Bonbonera POM Pink
48.5,3.14,0,Bonbonera POM Pink
48.5,3.14,0,Bonbonera POM Pink
48.5,3.14,0,Bonbonera POM Pink
48.5,3.135,0,Bonbonera POM Pink
48.5,3.135,0,Bonbonera POM Pink
48.5,3.13,0,Bonbonera POM Pink
48.5,3.125,0,Bonbonera POM Pink
48.5,3.125,0,Bonbonera POM Pink
48.4,3.12,0,Bonbonera POM Pink
48.4,3.115,0,Bonbonera POM Pink
48.3,3.115,0,Bonbonera POM Pink
48.3,3.11,0,Bonbonera POM Pink
48.4,3.11,0,Bonbonera POM Pink
48.3,3.105,0,Bonbonera POM Pink
48.4,3.1,0,Bonbonera POM Pink
48.3,3.095,0,Bonbonera POM Pink
48.3,3.09,0,Bonbonera POM Pink
48.3,3.09,0,Bonbonera POM Pink
48.3,3.085,0,Bonbonera POM Pink
48.3,3.08,0,Bonbonera POM Pink
48.3,3.075,0,Bonbonera POM Pink
48.3,3.07,0,Bonbonera POM Pink
48.3,3.065,0,Bonbonera POM Pink
48.2,3.065,0,Bonbonera POM Pink
48.2,3.06,0,Bonbonera POM Pink
48.2,3.055,0,Bonbonera POM Pink
48.2,3.05,0,Bonbonera POM Pink
48.2,3.045,0,Bonbonera POM Pink
48.1,3.04,0,Bonbonera POM Pink
48.1,3.04,0,Bonbonera POM Pink
48.1,3.035,0,Bonbonera POM Pink
48.1,3.03,0,Bonbonera POM Pink
48.1,3.025,0,Bonbonera POM Pink
48,3.025,0,Bonbonera POM Pink
48,3.02,0,Bonbonera POM Pink
48,3.015,0,Bonbonera POM Pink
48,3.01,0,Bonbonera POM Pink
48,3.005,0,Bonbonera POM Pink
48,3,0,Bonbonera POM Pink
47.9,3,0,Bonbonera POM Pink
47.9,2.995,0,Bonbonera POM Pink
47.9,2.99,0,Bonbonera POM Pink
47.8,2.985,0,Bonbonera POM Pink
47.8,2.985,0,Bonbonera POM Pink
47.9,2.98,0,Bonbonera POM Pink
47.8,2.975,0,Bonbonera POM Pink
47.8,2.97,0,Bonbonera POM Pink
47.8,2.965,0,Bonbonera POM Pink
47.7,2.965,0,Bonbonera POM Pink
47.8,2.96,0,Bonbonera POM Pink
47.7,2.955,0,Bonbonera POM Pink
47.7,2.955,0,Bonbonera POM Pink
47.7,2.95,0,Bonbonera POM Pink
47.7,2.95,0,Bonbonera POM Pink
47.7,2.945,0,Bonbonera POM Pink
47.6,2.94,0,Bonbonera POM Pink
47.6,2.94,0,Bonbonera POM Pink
47.6,2.935,0,Bonbonera POM Pink
47.6,2.935,0,Bonbonera POM Pink
47.6,2.93,0,Bonbonera POM Pink
47.6,2.93,0,Bonbonera POM Pink
47.6,2.925,0,Bonbonera POM Pink
47.6,2.925,0,Bonbonera POM Pink
47.6,2.92,0,Bonbonera POM Pink
47.5,2.915,0,Bonbonera POM Pink
47.5,2.91,0,Bonbonera POM Pink
47.5,2.905,0,Bonbonera POM Pink
47.5,2.905,0,Bonbonera POM Pink
47.5,2.9,0,Bonbonera POM Pink
47.5,2.895,0,Bonbonera POM Pink
47.4,2.89,0,Bonbonera POM Pink
47.4,2.89,0,Bonbonera POM Pink
47.4,2.885,0,Bonbonera POM Pink
47.4,2.885,0,Bonbonera POM Pink
47.4,2.88,0,Bonbonera POM Pink
47.4,2.87,0,Bonbonera POM Pink
47.4,2.86,0,Bonbonera POM Pink
47.4,2.85,0,Bonbonera POM Pink
47.3,2.835,0,Bonbonera POM Pink
47.3,2.83,0,Bonbonera POM Pink
47.2,2.825,0,Bonbonera POM Pink
47.2,2.815,0,Bonbonera POM Pink
47.2,2.81,0,Bonbonera POM Pink
47.2,2.805,0,Bonbonera POM Pink
47.2,2.8,0,Bonbonera POM Pink
47.1,2.795,0,Bonbonera POM Pink
47,2.79,0,Bonbonera POM Pink
47,2.78,0,Bonbonera POM Pink
47,2.775,0,Bonbonera POM Pink
47,2.77,0,Bonbonera POM Pink
47,2.765,0,Bonbonera POM Pink
47,2.76,0,Bonbonera POM Pink
46.9,2.755,0,Bonbonera POM Pink
47,2.745,0,Bonbonera POM Pink
47,2.745,0,Bonbonera POM Pink
47,2.735,0,Bonbonera POM Pink
46.9,2.73,0,Bonbonera POM Pink
46.9,2.725,0,Bonbonera POM Pink
46.9,2.72,0,Bonbonera POM Pink
46.9,2.72,0,Bonbonera POM Pink
46.9,2.715,0,Bonbonera POM Pink
46.9,2.71,0,Bonbonera POM Pink
46.9,2.71,0,Bonbonera POM Pink
46.9,2.705,0,Bonbonera POM Pink
46.8,2.7,0,Bonbonera POM Pink
46.8,2.695,0,Bonbonera POM Pink
46.8,2.695,0,Bonbonera POM Pink
46.8,2.69,0,Bonbonera POM Pink
46.8,2.685,0,Bonbonera POM Pink
46.8,2.68,0,Bonbonera POM Pink
46.8,2.675,0,Bonbonera POM Pink
46.8,2.675,0,Bonbonera POM Pink
46.8,2.675,0,Bonbonera POM Pink
46.7,2.675,0,Bonbonera POM Pink
46.7,2.67,0,Bonbonera POM Pink
46.7,2.67,0,Bonbonera POM Pink
46.7,2.665,0,Bonbonera POM Pink
46.8,2.66,0,Bonbonera POM Pink
46.8,2.66,0,Bonbonera POM Pink
46.8,2.66,0,Bonbonera POM Pink
46.8,2.655,0,Bonbonera POM Pink
46.8,2.655,0,Bonbonera POM Pink
46.8,2.65,0,Bonbonera POM Pink
46.8,2.65,0,Bonbonera POM Pink
46.8,2.645,0,Bonbonera POM Pink
46.8,2.645,0,Bonbonera POM Pink
46.8,2.64,0,Bonbonera POM Pink
46.7,2.635,0,Bonbonera POM Pink
46.7,2.63,0,Bonbonera POM Pink
46.7,2.625,0,Bonbonera POM Pink
46.7,2.625,0,Bonbonera POM Pink
46.7,2.62,0,Bonbonera POM Pink
46.7,2.62,0,Bonbonera POM Pink
46.7,2.615,0,Bonbonera POM Pink
46.7,2.615,0,Bonbonera POM Pink
46.7,2.61,0,Bonbonera POM Pink
46.7,2.605,0,Bonbonera POM Pink
46.7,2.6,0,Bonbonera POM Pink
46.6,2.595,0,Bonbonera POM Pink
46.6,2.595,0,Bonbonera POM Pink
46.6,2.595,0,Bonbonera POM Pink
46.6,2.59,0,Bonbonera POM Pink
46.6,2.585,0,Bonbonera POM Pink
46.6,2.58,0,Bonbonera POM Pink
46.6,2.58,0,Bonbonera POM Pink
46.6,2.575,0,Bonbonera POM Pink
46.5,2.575,0,Bonbonera POM Pink
46.5,2.575,0,Bonbonera POM Pink
46.5,2.575,0,Bonbonera POM Pink
46.5,2.57,0,Bonbonera POM Pink
46.5,2.57,0,Bonbonera POM Pink
46.5,2.565,0,Bonbonera POM Pink
46.4,2.56,0,Bonbonera POM Pink
46.4,2.555,0,Bonbonera POM Pink
46.4,2.55,0,Bonbonera POM Pink
46.3,2.545,0,Bonbonera POM Pink
46.3,2.545,0,Bonbonera POM Pink
46.3,2.54,0,Bonbonera POM Pink
46.3,2.535,0,Bonbonera POM Pink
46.3,2.535,0,Bonbonera POM Pink
46.3,2.53,0,Bonbonera POM Pink
46.3,2.53,0,Bonbonera POM Pink
46.3,2.525,0,Bonbonera POM Pink
46.3,2.525,0,Bonbonera POM Pink
46.3,2.52,0,Bonbonera POM Pink
46.2,2.52,0,Bonbonera POM Pink
46.2,2.515,0,Bonbonera POM Pink
46.2,2.51,0,Bonbonera POM Pink
46.2,2.505,0,Bonbonera POM Pink
46.2,2.5,0,Bonbonera POM Pink
46.2,2.495,0,Bonbonera POM Pink
46.1,2.49,0,Bonbonera POM Pink
46.1,2.485,0,Bonbonera POM Pink
46.1,2.48,0,Bonbonera POM Pink
46.1,2.475,0,Bonbonera POM Pink
46.1,2.47,0,Bonbonera POM Pink
46.1,2.465,0,Bonbonera POM Pink
46,2.46,0,Bonbonera POM Pink
46,2.455,0,Bonbonera POM Pink
46,2.45,0,Bonbonera POM Pink
46,2.445,0,Bonbonera POM Pink
46,2.44,0,Bonbonera POM Pink
45.9,2.44,0,Bonbonera POM Pink
45.9,2.435,0,Bonbonera POM Pink
45.9,2.425,0,Bonbonera POM Pink
45.9,2.42,0,Bonbonera POM Pink
45.8,2.415,0,Bonbonera POM Pink
45.8,2.41,0,Bonbonera POM Pink
45.8,2.405,0,Bonbonera POM Pink
45.8,2.395,0,Bonbonera POM Pink
45.7,2.39,0,Bonbonera POM Pink
45.7,2.38,0,Bonbonera POM Pink
45.7,2.375,0,Bonbonera POM Pink
45.7,2.37,0,Bonbonera POM Pink
45.6,2.365,0,Bonbonera POM Pink
45.6,2.355,0,Bonbonera POM Pink
45.6,2.35,0,Bonbonera POM Pink
45.6,2.35,0,Bonbonera POM Pink
45.6,2.345,0,Bonbonera POM Pink
45.5,2.34,0,Bonbonera POM Pink
45.5,2.335,0,Bonbonera POM Pink
45.5,2.335,0,Bonbonera POM Pink
45.5,2.33,0,Bonbonera POM Pink
45.5,2.33,0,Bonbonera POM Pink
45.5,2.325,0,Bonbonera POM Pink
45.5,2.32,0,Bonbonera POM Pink
45.5,2.32,0,Bonbonera POM Pink
45.5,2.315,0,Bonbonera POM Pink
45.4,2.31,0,Bonbonera POM Pink
45.4,2.305,0,Bonbonera POM Pink
45.4,2.305,0,Bonbonera POM Pink
45.4,2.3,0,Bonbonera POM Pink
45.4,2.3,0,Bonbonera POM Pink
45.4,2.295,0,Bonbonera POM Pink
45.3,2.29,0,Bonbonera POM Pink
45.3,2.285,0,Bonbonera POM Pink
45.3,2.28,0,Bonbonera POM Pink
45.3,2.28,0,Bonbonera POM Pink
45.2,2.275,0,Bonbonera POM Pink
45.2,2.275,0,Bonbonera POM Pink
45.2,2.27,0,Bonbonera POM Pink
45.2,2.27,0,Bonbonera POM Pink
45.2,2.265,0,Bonbonera POM Pink
45.2,2.26,0,Bonbonera POM Pink
45.2,2.26,0,Bonbonera POM Pink
45.2,2.26,0,Bonbonera POM Pink
45.1,2.255,0,Bonbonera POM Pink
45.1,2.255,0,Bonbonera POM Pink
45.1,2.255,0,Bonbonera POM Pink
45.1,2.255,0,Bonbonera POM Pink
45.1,2.255,0,Bonbonera POM Pink
45.1,2.255,0,Bonbonera POM Pink
45.1,2.25,0,Bonbonera POM Pink
45.1,2.25,0,Bonbonera POM Pink
45.1,2.245,0,Bonbonera POM Pink
45.1,2.245,0,Bonbonera POM Pink
45.1,2.24,0,Bonbonera POM Pink
45.1,2.24,0,Bonbonera POM Pink
45.1,2.235,0,Bonbonera POM Pink
45.1,2.235,0,Bonbonera POM Pink
45.1,2.23,0,Bonbonera POM Pink
45.1,2.225,0,Bonbonera POM Pink
45.1,2.225,0,Bonbonera POM Pink
45.1,2.22,0,Bonbonera POM Pink
45,2.22,0,Bonbonera POM Pink
45,2.215,0,Bonbonera POM Pink
45,2.215,0,Bonbonera POM Pink
45.1,2.21,0,Bonbonera POM Pink
45,2.21,0,Bonbonera POM Pink
45,2.205,0,Bonbonera POM Pink
45,2.2,0,Bonbonera POM Pink
45,2.195,0,Bonbonera POM Pink
45,2.195,0,Bonbonera POM Pink
45,2.19,0,Bonbonera POM Pink
45,2.185,0,Bonbonera POM Pink
45,2.185,0,Bonbonera POM Pink
45,2.175,0,Bonbonera POM Pink
44.9,2.17,0,Bonbonera POM Pink
44.9,2.165,0,Bonbonera POM Pink
44.9,2.165,0,Bonbonera POM Pink
44.9,2.16,0,Bonbonera POM Pink
44.8,2.155,0,Bonbonera POM Pink
44.8,2.155,0,Bonbonera POM Pink
44.8,2.15,0,Bonbonera POM Pink
44.8,2.15,0,Bonbonera POM Pink
44.8,2.145,0,Bonbonera POM Pink
44.8,2.14,0,Bonbonera POM Pink
44.8,2.14,0,Bonbonera POM Pink
44.8,2.135,0,Bonbonera POM Pink
44.8,2.13,0,Bonbonera POM Pink
44.8,2.125,0,Bonbonera POM Pink
44.8,2.12,0,Bonbonera POM Pink
44.8,2.115,0,Bonbonera POM Pink
44.8,2.11,0,Bonbonera POM Pink
44.8,2.105,0,Bonbonera POM Pink
44.7,2.1,0,Bonbonera POM Pink
44.7,2.095,0,Bonbonera POM Pink
44.7,2.09,0,Bonbonera POM Pink
44.7,2.085,0,Bonbonera POM Pink
44.7,2.08,0,Bonbonera POM Pink
44.6,2.075,0,Bonbonera POM Pink
44.6,2.065,0,Bonbonera POM Pink
44.6,2.06,0,Bonbonera POM Pink
44.6,2.055,0,Bonbonera POM Pink
44.6,2.05,0,Bonbonera POM Pink
44.6,2.045,0,Bonbonera POM Pink
44.5,2.045,0,Bonbonera POM Pink
44.5,2.04,0,Bonbonera POM Pink
44.5,2.035,0,Bonbonera POM Pink
44.5,2.03,0,Bonbonera POM Pink
44.5,2.025,0,Bonbonera POM Pink
44.4,2.025,0,Bonbonera POM Pink
44.4,2.02,0,Bonbonera POM Pink
44.4,2.015,0,Bonbonera POM Pink
44.4,2.01,0,Bonbonera POM Pink
44.4,2.01,0,Bonbonera POM Pink
44.4,2.005,0,Bonbonera POM Pink
44.3,2,0,Bonbonera POM Pink
44.3,2,0,Bonbonera POM Pink
44.3,1.995,0,Bonbonera POM Pink
44.2,1.985,0,Bonbonera POM Pink
44.2,1.975,0,Bonbonera POM Pink
44.1,1.96,0,Bonbonera POM Pink
44.1,1.955,0,Bonbonera POM Pink
44.1,1.95,0,Bonbonera POM Pink
44.1,1.94,0,Bonbonera POM Pink
44.1,1.93,0,Bonbonera POM Pink
44,1.925,0,Bonbonera POM Pink
44,1.915,0,Bonbonera POM Pink
43.9,1.905,0,Bonbonera POM Pink
43.9,1.895,0,Bonbonera POM Pink
43.9,1.885,0,Bonbonera POM Pink
43.8,1.875,0,Bonbonera POM Pink
43.7,1.865,0,Bonbonera POM Pink
43.7,1.855,0,Bonbonera POM Pink
43.6,1.84,0,Bonbonera POM Pink
43.6,1.835,0,Bonbonera POM Pink
43.6,1.825,0,Bonbonera POM Pink
43.5,1.82,0,Bonbonera POM Pink
43.5,1.815,0,Bonbonera POM Pink
43.5,1.81,0,Bonbonera POM Pink
43.4,1.805,0,Bonbonera POM Pink
43.4,1.8,0,Bonbonera POM Pink
43.4,1.795,0,Bonbonera POM Pink
43.4,1.79,0,Bonbonera POM Pink
43.4,1.785,0,Bonbonera POM Pink
43.4,1.78,0,Bonbonera POM Pink
43.4,1.77,0,Bonbonera POM Pink
43.3,1.765,0,Bonbonera POM Pink
43.3,1.76,0,Bonbonera POM Pink
43.3,1.75,0,Bonbonera POM Pink
43.3,1.74,0,Bonbonera POM Pink
43.3,1.73,0,Bonbonera POM Pink
43.2,1.72,0,Bonbonera POM Pink
43.2,1.715,0,Bonbonera POM Pink
43.1,1.705,0,Bonbonera POM Pink
43.1,1.705,0,Bonbonera POM Pink
43,1.7,0,Bonbonera POM Pink
43,1.695,0,Bonbonera POM Pink
42.9,1.685,0,Bonbonera POM Pink
42.8,1.68,0,Bonbonera POM Pink
42.7,1.675,0,Bonbonera POM Pink
42.5,1.67,0,Bonbonera POM Pink
42.4,1.665,0,Bonbonera POM Pink
42.2,1.655,0,Bonbonera POM Pink
42,1.65,0,Bonbonera POM Pink
41.8,1.64,0,Bonbonera POM Pink
41.5,1.635,0,Bonbonera POM Pink
41.3,1.63,0,Bonbonera POM Pink
41.1,1.625,0,Bonbonera POM Pink
40.8,1.62,0,Bonbonera POM Pink
40.5,1.61,0,Bonbonera POM Pink
40.3,1.605,0,Bonbonera POM Pink
40.1,1.6,0,Bonbonera POM Pink
39.8,1.6,0,Bonbonera POM Pink
39.7,1.595,0,Bonbonera POM Pink
39.5,1.59,0,Bonbonera POM Pink
39.3,1.585,0,Bonbonera POM Pink
39.1,1.58,0,Bonbonera POM Pink
38.9,1.575,0,Bonbonera POM Pink
38.7,1.57,0,Bonbonera POM Pink
38.6,1.57,0,Bonbonera POM Pink
38.4,1.565,0,Bonbonera POM Pink
38.3,1.56,0,Bonbonera POM Pink
38.1,1.555,0,Bonbonera POM Pink
38,1.555,0,Bonbonera POM Pink
37.9,1.55,0,Bonbonera POM Pink
37.7,1.55,0,Bonbonera POM Pink
37.7,1.545,0,Bonbonera POM Pink
37.5,1.54,0,Bonbonera POM Pink
37.4,1.535,0,Bonbonera POM Pink
37.3,1.535,0,Bonbonera POM Pink
37.1,1.53,0,Bonbonera POM Pink
37,1.53,0,Bonbonera POM Pink
37,1.525,0,Bonbonera POM Pink
36.8,1.52,0,Bonbonera POM Pink
36.7,1.52,0,Bonbonera POM Pink
36.7,1.52,0,Bonbonera POM Pink
36.5,1.515,0,Bonbonera POM Pink
36.4,1.515,0,Bonbonera POM Pink
36.3,1.51,0,Bonbonera POM Pink
36.3,1.51,0,Bonbonera POM Pink
36.2,1.505,0,Bonbonera POM Pink
36.1,1.505,0,Bonbonera POM Pink
36.1,1.5,0,Bonbonera POM Pink
36,1.495,0,Bonbonera POM Pink
35.8,1.495,0,Bonbonera POM Pink
35.8,1.495,0,Bonbonera POM Pink
35.7,1.495,0,Bonbonera POM Pink
35.5,1.49,0,Bonbonera POM Pink
35.6,1.49,0,Bonbonera POM Pink
35.5,1.485,0,Bonbonera POM Pink
35.4,1.485,0,Bonbonera POM Pink
35.3,1.48,0,Bonbonera POM Pink
35.2,1.475,0,Bonbonera POM Pink
35.1,1.47,0,Bonbonera POM Pink
35,1.465,0,Bonbonera POM Pink
34.8,1.46,0,Bonbonera POM Pink
34.6,1.455,0,Bonbonera POM Pink
34.4,1.45,0,Bonbonera POM Pink
34.3,1.445,0,Bonbonera POM Pink
34,1.435,0,Bonbonera POM Pink
33.8,1.43,0,Bonbonera POM Pink
33.5,1.43,0,Bonbonera POM Pink
33.4,1.425,0,Bonbonera POM Pink
33.2,1.42,0,Bonbonera POM Pink
33,1.42,0,Bonbonera POM Pink
33.1,1.415,0,Bonbonera POM Pink
33.1,1.41,0,Bonbonera POM Pink
32.9,1.405,0,Bonbonera POM Pink
32.8,1.4,0,Bonbonera POM Pink
32.3,1.4,0,Bonbonera POM Pink
32.5,1.4,0,Bonbonera POM Pink
32.5,1.395,0,Bonbonera POM Pink
32.3,1.395,0,Bonbonera POM Pink
32.3,1.39,0,Bonbonera POM Pink
32.2,1.39,0,Bonbonera POM Pink
32.1,1.385,0,Bonbonera POM Pink
32,1.385,0,Bonbonera POM Pink
31.8,1.385,0,Bonbonera POM Pink
31.7,1.38,0,Bonbonera POM Pink
31.8,1.375,0,Bonbonera POM Pink
31.7,1.375,0,Bonbonera POM Pink
31.6,1.37,0,Bonbonera POM Pink
31.5,1.365,0,Bonbonera POM Pink
31.3,1.36,0,Bonbonera POM Pink
31.2,1.35,0,Bonbonera POM Pink
31.1,1.345,0,Bonbonera POM Pink
31,1.345,0,Bonbonera POM Pink
30.8,1.34,0,Bonbonera POM Pink
30.8,1.34,0,Bonbonera POM Pink
30.7,1.335,0,Bonbonera POM Pink
30.7,1.335,0,Bonbonera POM Pink
30.7,1.33,0,Bonbonera POM Pink
30.8,1.325,0,Bonbonera POM Pink
30.7,1.325,0,Bonbonera POM Pink
30.6,1.32,0,Bonbonera POM Pink
30.6,1.32,0,Bonbonera POM Pink
30.6,1.315,0,Bonbonera POM Pink
30.5,1.31,0,Bonbonera POM Pink
30.4,1.31,0,Bonbonera POM Pink
30.5,1.305,0,Bonbonera POM Pink
30.5,1.3,0,Bonbonera POM Pink
30.5,1.295,0,Bonbonera POM Pink
30.5,1.29,0,Bonbonera POM Pink
30.5,1.29,0,Bonbonera POM Pink
30.5,1.285,0,Bonbonera POM Pink
30.5,1.28,0,Bonbonera POM Pink
30.5,1.27,0,Bonbonera POM Pink
30.5,1.265,0,Bonbonera POM Pink
30.5,1.26,0,Bonbonera POM Pink
30.5,1.255,0,Bonbonera POM Pink
30.5,1.25,0,Bonbonera POM Pink
30.4,1.245,0,Bonbonera POM Pink
30.4,1.24,0,Bonbonera POM Pink
30.3,1.235,0,Bonbonera POM Pink
30.4,1.23,0,Bonbonera POM Pink
30.5,1.22,0,Bonbonera POM Pink
30.6,1.215,0,Bonbonera POM Pink
30.5,1.21,0,Bonbonera POM Pink
30.4,1.205,0,Bonbonera POM Pink
30.3,1.2,0,Bonbonera POM Pink
30.3,1.195,0,Bonbonera POM Pink
30.2,1.195,0,Bonbonera POM Pink
30.2,1.19,0,Bonbonera POM Pink
30.1,1.185,0,Bonbonera POM Pink
30,1.18,0,Bonbonera POM Pink
30,1.175,0,Bonbonera POM Pink
30,1.17,0,Bonbonera POM Pink
30,1.165,0,Bonbonera POM Pink
30,1.16,0,Bonbonera POM Pink
29.9,1.155,0,Bonbonera POM Pink
29.9,1.15,0,Bonbonera POM Pink
30,1.145,0,Bonbonera POM Pink
30,1.14,0,Bonbonera POM Pink
30,1.135,0,Bonbonera POM Pink
29.9,1.13,0,Bonbonera POM Pink
29.9,1.125,0,Bonbonera POM Pink
29.8,1.12,0,Bonbonera POM Pink
29.8,1.115,0,Bonbonera POM Pink
29.8,1.11,0,Bonbonera POM Pink
29.8,1.105,0,Bonbonera POM Pink
29.7,1.1,0,Bonbonera POM Pink
29.5,1.095,0,Bonbonera POM Pink
29.4,1.095,0,Bonbonera POM Pink
29.4,1.09,0,Bonbonera POM Pink
29.4,1.085,0,Bonbonera POM Pink
29.3,1.08,0,Bonbonera POM Pink
29.4,1.075,0,Bonbonera POM Pink
29.4,1.07,0,Bonbonera POM Pink
29.4,1.065,0,Bonbonera POM Pink
29.4,1.06,0,Bonbonera POM Pink
29.4,1.05,0,Bonbonera POM Pink
29.4,1.045,0,Bonbonera POM Pink
29.4,1.04,0,Bonbonera POM Pink
29.3,1.03,0,Bonbonera POM Pink
29.2,1.025,0,Bonbonera POM Pink
29.2,1.015,0,Bonbonera POM Pink
29.2,1.01,0,Bonbonera POM Pink
29.2,1.005,0,Bonbonera POM Pink
29,0.995,0,Bonbonera POM Pink
29,0.99,0,Bonbonera POM Pink
28.8,0.985,0,Bonbonera POM Pink
29,0.98,0,Bonbonera POM Pink
29,0.975,0,Bonbonera POM Pink
28.8,0.965,0,Bonbonera POM Pink
28.8,0.96,0,Bonbonera POM Pink
28.7,0.955,0,Bonbonera POM Pink
28.7,0.95,0,Bonbonera POM Pink
28.6,0.95,0,Bonbonera POM Pink
28.6,0.945,0,Bonbonera POM Pink
28.6,0.94,0,Bonbonera POM Pink
28.6,0.94,0,Bonbonera POM Pink
28.5,0.935,0,Bonbonera POM Pink
28.5,0.935,0,Bonbonera POM Pink
28.7,0.93,0,Bonbonera POM Pink
28.7,0.925,0,Bonbonera POM Pink
28.7,0.92,0,Bonbonera POM Pink
28.6,0.915,0,Bonbonera POM Pink
28.6,0.91,0,Bonbonera POM Pink
28.6,0.905,0,Bonbonera POM Pink
28.6,0.9,0,Bonbonera POM Pink
28.5,0.895,0,Bonbonera POM Pink
28.7,0.885,0,Bonbonera POM Pink
28.6,0.88,0,Bonbonera POM Pink
28.7,0.875,0,Bonbonera POM Pink
28.5,0.87,0,Bonbonera POM Pink
28.5,0.87,0,Bonbonera POM Pink
28.5,0.865,0,Bonbonera POM Pink
28.5,0.86,0,Bonbonera POM Pink
28.5,0.855,0,Bonbonera POM Pink
28.5,0.85,0,Bonbonera POM Pink
28.5,0.845,0,Bonbonera POM Pink
28.4,0.845,0,Bonbonera POM Pink
28.4,0.84,0,Bonbonera POM Pink
28.2,0.835,0,Bonbonera POM Pink
28.2,0.83,0,Bonbonera POM Pink
28.2,0.825,0,Bonbonera POM Pink
28,0.82,0,Bonbonera POM Pink
28.1,0.815,0,Bonbonera POM Pink
28,0.81,0,Bonbonera POM Pink
28,0.805,0,Bonbonera POM Pink
28,0.8,0,Bonbonera POM Pink
28,0.79,0,Bonbonera POM Pink
27.9,0.785,0,Bonbonera POM Pink
27.9,0.78,0,Bonbonera POM Pink
27.8,0.775,0,Bonbonera POM Pink
27.8,0.765,0,Bonbonera POM Pink
27.8,0.76,0,Bonbonera POM Pink
27.7,0.755,0,Bonbonera POM Pink
27.7,0.75,0,Bonbonera POM Pink
27.6,0.745,0,Bonbonera POM Pink
27.4,0.745,0,Bonbonera POM Pink
27.4,0.74,0,Bonbonera POM Pink
27.4,0.73,0,Bonbonera POM Pink
27.4,0.725,0,Bonbonera POM Pink
27.4,0.72,0,Bonbonera POM Pink
27.3,0.71,0,Bonbonera POM Pink
27.1,0.705,0,Bonbonera POM Pink
27.1,0.705,0,Bonbonera POM Pink
27.1,0.7,0,Bonbonera POM Pink
27,0.7,0,Bonbonera POM Pink
26.9,0.695,0,Bonbonera POM Pink
27,0.695,0,Bonbonera POM Pink
26.7,0.695,0,Bonbonera POM Pink
26.8,0.69,0,Bonbonera POM Pink
26.7,0.685,0,Bonbonera POM Pink
26.8,0.68,0,Bonbonera POM Pink
27,0.675,0,Bonbonera POM Pink
27,0.665,0,Bonbonera POM Pink
26.9,0.66,0,Bonbonera POM Pink
27,0.65,0,Bonbonera POM Pink
26.8,0.645,0,Bonbonera POM Pink
26.5,0.645,0,Bonbonera POM Pink
26.5,0.64,0,Bonbonera POM Pink
26.3,0.64,0,Bonbonera POM Pink
26.3,0.635,0,Bonbonera POM Pink
26.2,0.635,0,Bonbonera POM Pink
26.3,0.63,0,Bonbonera POM Pink
26.3,0.625,0,Bonbonera POM Pink
26.4,0.62,0,Bonbonera POM Pink
26.3,0.615,0,Bonbonera POM Pink
26.2,0.615,0,Bonbonera POM Pink
26.2,0.61,0,Bonbonera POM Pink
26.2,0.61,0,Bonbonera POM Pink
26.2,0.605,0,Bonbonera POM Pink
26.1,0.6,0,Bonbonera POM Pink
26.1,0.6,0,Bonbonera POM Pink
26.1,0.595,0,Bonbonera POM Pink
26,0.595,0,Bonbonera POM Pink
26,0.59,0,Bonbonera POM Pink
25.9,0.59,0,Bonbonera POM Pink
25.8,0.585,0,Bonbonera POM Pink
25.8,0.58,0,Bonbonera POM Pink
25.8,0.58,0,Bonbonera POM Pink
25.8,0.575,0,Bonbonera POM Pink
25.7,0.57,0,Bonbonera POM Pink
25.6,0.57,0,Bonbonera POM Pink
25.5,0.565,0,Bonbonera POM Pink
25.5,0.565,0,Bonbonera POM Pink
25.4,0.56,0,Bonbonera POM Pink
25.3,0.56,0,Bonbonera POM Pink
25.3,0.56,0,Bonbonera POM Pink
25.3,0.555,0,Bonbonera POM Pink
25.3,0.555,0,Bonbonera POM Pink
25.3,0.555,0,Bonbonera POM Pink
25.2,0.55,0,Bonbonera POM Pink
25.2,0.55,0,Bonbonera POM Pink
25.2,0.545,0,Bonbonera POM Pink
25.1,0.545,0,Bonbonera POM Pink
25.2,0.54,0,Bonbonera POM Pink
25.3,0.535,0,Bonbonera POM Pink
25.4,0.535,0,Bonbonera POM Pink
25.4,0.53,0,Bonbonera POM Pink
25.4,0.525,0,Bonbonera POM Pink
25.3,0.52,0,Bonbonera POM Pink
25.1,0.52,0,Bonbonera POM Pink
25.1,0.52,0,Bonbonera POM Pink
25,0.515,0,Bonbonera POM Pink
24.8,0.515,0,Bonbonera POM Pink
24.8,0.515,0,Bonbonera POM Pink
24.9,0.51,0,Bonbonera POM Pink
24.8,0.51,0,Bonbonera POM Pink
24.8,0.51,0,Bonbonera POM Pink
24.8,0.505,0,Bonbonera POM Pink
24.6,0.505,0,Bonbonera POM Pink
24.8,0.505,0,Bonbonera POM Pink
24.6,0.505,0,Bonbonera POM Pink
24.6,0.5,0,Bonbonera POM Pink
24.8,0.495,0,Bonbonera POM Pink
24.8,0.495,0,Bonbonera POM Pink
24.7,0.49,0,Bonbonera POM Pink
24.7,0.49,0,Bonbonera POM Pink
24.6,0.485,0,Bonbonera POM Pink
24.5,0.485,0,Bonbonera POM Pink
24.4,0.485,0,Bonbonera POM Pink
24.4,0.48,0,Bonbonera POM Pink
24.4,0.48,0,Bonbonera POM Pink
24.3,0.48,0,Bonbonera POM Pink
24.2,0.475,0,Bonbonera POM Pink
24.2,0.475,0,Bonbonera POM Pink
24.2,0.475,0,Bonbonera POM Pink
24.2,0.475,0,Bonbonera POM Pink
24.1,0.47,0,Bonbonera POM Pink
24.1,0.47,0,Bonbonera POM Pink
24.1,0.47,0,Bonbonera POM Pink
24.1,0.47,0,Bonbonera POM Pink
24.2,0.465,0,Bonbonera POM Pink
24,0.465,0,Bonbonera POM Pink
24.2,0.465,0,Bonbonera POM Pink
24.1,0.46,0,Bonbonera POM Pink
24.2,0.46,0,Bonbonera POM Pink
24.4,0.455,0,Bonbonera POM Pink
24.5,0.45,0,Bonbonera POM Pink
24.5,0.45,0,Bonbonera POM Pink
24.5,0.445,0,Bonbonera POM Pink
24.4,0.445,0,Bonbonera POM Pink
24.3,0.44,0,Bonbonera POM Pink
24.1,0.44,0,Bonbonera POM Pink
24,0.44,0,Bonbonera POM Pink
24,0.435,0,Bonbonera POM Pink
24.1,0.435,0,Bonbonera POM Pink
24,0.435,0,Bonbonera POM Pink
24,0.43,0,Bonbonera POM Pink
24.1,0.43,0,Bonbonera POM Pink
24,0.425,0,Bonbonera POM Pink
23.9,0.425,0,Bonbonera POM Pink
23.9,0.425,0,Bonbonera POM Pink
24.2,0.42,0,Bonbonera POM Pink
24.3,0.415,0,Bonbonera POM Pink
24.2,0.41,0,Bonbonera POM Pink
24.2,0.405,0,Bonbonera POM Pink
24,0.405,0,Bonbonera POM Pink
23.8,0.4,0,Bonbonera POM Pink
23.8,0.4,0,Bonbonera POM Pink
24,0.395,0,Bonbonera POM Pink
24,0.39,0,Bonbonera POM Pink
23.9,0.39,0,Bonbonera POM Pink
23.9,0.385,0,Bonbonera POM Pink
23.7,0.385,0,Bonbonera POM Pink
23.6,0.38,0,Bonbonera POM Pink
23.5,0.38,0,Bonbonera POM Pink
23.7,0.375,0,Bonbonera POM Pink
23.8,0.37,0,Bonbonera POM Pink
23.7,0.365,0,Bonbonera POM Pink
23.8,0.36,0,Bonbonera POM Pink
23.7,0.355,0,Bonbonera POM Pink
23.7,0.35,0,Bonbonera POM Pink
23.5,0.35,0,Bonbonera POM Pink
23.5,0.345,0,Bonbonera POM Pink
23.6,0.34,0,Bonbonera POM Pink
23.6,0.335,0,Bonbonera POM Pink
23.5,0.335,0,Bonbonera POM Pink
23.6,0.33,0,Bonbonera POM Pink
23.5,0.325,0,Bonbonera POM Pink
23.5,0.32,0,Bonbonera POM Pink
23.2,0.32,0,Bonbonera POM Pink
23.3,0.315,0,Bonbonera POM Pink
23.3,0.31,0,Bonbonera POM Pink
23.4,0.305,0,Bonbonera POM Pink
23.4,0.3,0,Bonbonera POM Pink
23.2,0.3,0,Bonbonera POM Pink
23.1,0.295,0,Bonbonera POM Pink
23,0.295,0,Bonbonera POM Pink
22.8,0.29,0,Bonbonera POM Pink
22.8,0.29,0,Bonbonera POM Pink
22.7,0.29,0,Bonbonera POM Pink
22.8,0.285,0,Bonbonera POM Pink
22.8,0.285,0,Bonbonera POM Pink
22.8,0.285,0,Bonbonera POM Pink
22.8,0.28,0,Bonbonera POM Pink
22.6,0.28,0,Bonbonera POM Pink
22.8,0.275,0,Bonbonera POM Pink
22.9,0.275,0,Bonbonera POM Pink
22.8,0.275,0,Bonbonera POM Pink
22.7,0.27,0,Bonbonera POM Pink
22.7,0.27,0,Bonbonera POM Pink
22.6,0.27,0,Bonbonera POM Pink
22.5,0.265,0,Bonbonera POM Pink
22.5,0.265,0,Bonbonera POM Pink
22.6,0.26,0,Bonbonera POM Pink
22.5,0.26,0,Bonbonera POM Pink
22.6,0.255,0,Bonbonera POM Pink
22.8,0.25,0,Bonbonera POM Pink
22.9,0.245,0,Bonbonera POM Pink
22.7,0.24,0,Bonbonera POM Pink
22.7,0.24,0,Bonbonera POM Pink
22.4,0.235,0,Bonbonera POM Pink
22.4,0.23,0,Bonbonera POM Pink
22.6,0.23,0,Bonbonera POM Pink
22.5,0.225,0,Bonbonera POM Pink
22.7,0.215,0,Bonbonera POM Pink
22.8,0.205,0,Bonbonera POM Pink
22.6,0.2,0,Bonbonera POM Pink
22.3,0.195,0,Bonbonera POM Pink
22.1,0.19,0,Bonbonera POM Pink
22,0.19,0,Bonbonera POM Pink
22,0.185,0,Bonbonera POM Pink
22,0.185,0,Bonbonera POM Pink
22,0.18,0,Bonbonera POM Pink
22,0.18,0,Bonbonera POM Pink
21.9,0.175,0,Bonbonera POM Pink
22.1,0.175,0,Bonbonera POM Pink
22,0.17,0,Bonbonera POM Pink
21.9,0.17,0,Bonbonera POM Pink
21.8,0.165,0,Bonbonera POM Pink
21.9,0.165,0,Bonbonera POM Pink
21.9,0.165,0,Bonbonera POM Pink
21.6,0.16,0,Bonbonera POM Pink
21.8,0.16,0,Bonbonera POM Pink
22,0.155,0,Bonbonera POM Pink
22,0.155,0,Bonbonera POM Pink
21.8,0.15,0,Bonbonera POM Pink
21.8,0.15,0,Bonbonera POM Pink
21.6,0.145,0,Bonbonera POM Pink
21.7,0.145,0,Bonbonera POM Pink
21.5,0.145,0,Bonbonera POM Pink
21.6,0.14,0,Bonbonera POM Pink
22,0.14,0,Bonbonera POM Pink
22,0.135,0,Bonbonera POM Pink
21.9,0.13,0,Bonbonera POM Pink
21.3,0.13,0,Bonbonera POM Pink
20.2,0.125,0,Bonbonera POM Pink
20.4,0.12,0,Bonbonera POM Pink
20.2,0.12,0,Bonbonera POM Pink
20.2,0.115,0,Bonbonera POM Pink
19.7,0.11,0,Bonbonera POM Pink
18,0.105,0,Bonbonera POM Pink
17.6,0.1,0,Bonbonera POM Pink
17.3,0.095,0,Bonbonera POM Pink
16.7,0.09,0,Bonbonera POM Pink
14.9,0.09,0,Bonbonera POM Pink
12.2,0.085,0,Bonbonera POM Pink
8.5,0.08,0,Bonbonera POM Pink
6.6,0.075,0,Bonbonera POM Pink
5.3,0.075,0,Bonbonera POM Pink
4.1,0.07,0,Bonbonera POM Pink
3.2,0.07,0,Bonbonera POM Pink
2.2,0.07,0,Bonbonera POM Pink
1.4,0.07,0,Bonbonera POM Pink
0.5,0.065,0,Bonbonera POM Pink
0.1,0.065,0,Bonbonera POM Pink
0,0.06,0,Bonbonera POM Pink
0,0.06,0,Bonbonera POM Pink
0,0.06,0,Bonbonera POM Pink
0,0.055,0,Bonbonera POM Pink
0,0.055,0,Bonbonera POM Pink
0,0.05,0,Bonbonera POM Pink
0,0.04,0,Bonbonera POM Pink
0,0.035,0,Bonbonera POM Pink
0,0.025,0,Bonbonera POM Pink
0,0.015,0,Bonbonera POM Pink
0,0.01,0,Bonbonera POM Pink
0,0.005,0,Bonbonera POM Pink
0,-0.005,0,Bonbonera POM Pink
0,-0.015,0,Bonbonera POM Pink
0,-0.02,0,Bonbonera POM Pink
0,-0.025,0,Bonbonera POM Pink
0,-0.03,0,Bonbonera POM Pink
0,-0.035,0,Bonbonera POM Pink
0.1,-0.035,0,Bonbonera POM Pink
0.1,-0.035,0,Bonbonera POM Pink
0.4,-0.03,0,Bonbonera POM Pink
0,-0.03,0,Bonbonera POM Pink
0.3,-0.03,0,Bonbonera POM Pink
0.1,-0.03,0,Bonbonera POM Pink
0.2,-0.03,0,Bonbonera POM Pink
-0.1,-0.03,0,Bonbonera POM Pink
-0.2,-0.025,0,Bonbonera POM Pink
-0.1,-0.025,0,Bonbonera POM Pink
0.1,-0.025,0,Bonbonera POM Pink
0,-0.025,0,Bonbonera POM Pink
0,-0.025,0,Bonbonera POM Pink
0,-0.025,0,Bonbonera POM Pink
0,-0.025,0,Bonbonera POM Pink
0,-0.025,0,Bonbonera POM Pink
0,-0.025,0,Bonbonera POM Pink
0,-0.025,0,Bonbonera POM Pink
0,-0.025,0,Bonbonera POM Pink
0,-0.025,0,Bonbonera POM Pink
